1485	-25,513
1485,05	-25,445
1485,1	-25,512
1485,15	-25,227
1485,2	-25,277
1485,25	-25,206
1485,3	-25,266
1485,35	-25,099
1485,4	-25,211
1485,45	-25,427
1485,5	-25,241
1485,55	-25,206
1485,6	-25,157
1485,65	-25,307
1485,7	-25,213
1485,75	-24,965
1485,8	-25,454
1485,85	-25,339
1485,9	-25,254
1485,95	-25,178
1486	-25,261
1486,05	-25,107
1486,1	-25,086
1486,15	-25,319
1486,2	-25,149
1486,25	-25,044
1486,3	-25,287
1486,35	-25,318
1486,4	-25,021
1486,45	-25,26
1486,5	-25,273
1486,55	-24,965
1486,6	-25,382
1486,65	-25,269
1486,7	-25,213
1486,75	-25,156
1486,8	-24,918
1486,85	-24,983
1486,9	-25,156
1486,95	-25,352
1487	-25,112
1487,05	-25,322
1487,1	-25,087
1487,15	-25,029
1487,2	-24,895
1487,25	-25,392
1487,3	-24,623
1487,35	-25,267
1487,4	-25,286
1487,45	-24,979
1487,5	-24,911
1487,55	-25,012
1487,6	-24,809
1487,65	-24,816
1487,7	-24,982
1487,75	-25,083
1487,8	-25,334
1487,85	-25,031
1487,9	-24,952
1487,95	-24,887
1488	-25,376
1488,05	-24,943
1488,1	-25,124
1488,15	-25,167
1488,2	-25,047
1488,25	-24,972
1488,3	-24,651
1488,35	-25,153
1488,4	-25,38
1488,45	-25,132
1488,5	-25,042
1488,55	-25,12
1488,6	-24,956
1488,65	-24,706
1488,7	-24,765
1488,75	-24,928
1488,8	-24,859
1488,85	-25,045
1488,9	-24,978
1488,95	-24,93
1489	-25,165
1489,05	-24,662
1489,1	-24,864
1489,15	-24,792
1489,2	-24,906
1489,25	-24,917
1489,3	-25,075
1489,35	-24,822
1489,4	-24,928
1489,45	-24,71
1489,5	-24,915
1489,55	-25,098
1489,6	-25,084
1489,65	-24,917
1489,7	-25,032
1489,75	-24,838
1489,8	-24,613
1489,85	-24,691
1489,9	-24,731
1489,95	-24,934
1490	-24,805
1490,05	-24,816
1490,1	-24,782
1490,15	-24,725
1490,2	-24,657
1490,25	-25
1490,3	-24,852
1490,35	-24,755
1490,4	-24,829
1490,45	-24,666
1490,5	-24,55
1490,55	-24,671
1490,6	-24,726
1490,65	-24,605
1490,7	-24,702
1490,75	-24,873
1490,8	-24,869
1490,85	-24,869
1490,9	-24,78
1490,95	-24,753
1491	-24,699
1491,05	-24,878
1491,1	-24,583
1491,15	-24,708
1491,2	-24,467
1491,25	-24,733
1491,3	-24,534
1491,35	-24,72
1491,4	-24,72
1491,45	-24,355
1491,5	-24,588
1491,55	-24,87
1491,6	-24,665
1491,65	-24,297
1491,7	-24,261
1491,75	-24,441
1491,8	-24,469
1491,85	-24,631
1491,9	-24,724
1491,95	-24,801
1492	-24,699
1492,05	-24,6
1492,1	-24,6
1492,15	-24,6
1492,2	-24,232
1492,25	-24,455
1492,3	-24,63
1492,35	-24,894
1492,4	-24,673
1492,45	-24,562
1492,5	-24,386
1492,55	-24,43
1492,6	-24,524
1492,65	-24,796
1492,7	-24,573
1492,75	-24,608
1492,8	-24,598
1492,85	-24,535
1492,9	-24,362
1492,95	-24,49
1493	-24,377
1493,05	-24,44
1493,1	-24,614
1493,15	-24,624
1493,2	-24,327
1493,25	-24,122
1493,3	-24,15
1493,35	-24,396
1493,4	-24,51
1493,45	-24,494
1493,5	-24,547
1493,55	-24,684
1493,6	-24,421
1493,65	-24,386
1493,7	-24,426
1493,75	-24,579
1493,8	-24,432
1493,85	-24,597
1493,9	-24,551
1493,95	-24,211
1494	-24,351
1494,05	-24,325
1494,1	-24,542
1494,15	-24,556
1494,2	-24,365
1494,25	-24,539
1494,3	-24,211
1494,35	-24,207
1494,4	-24,178
1494,45	-24,182
1494,5	-24,148
1494,55	-24,272
1494,6	-24,181
1494,65	-24,396
1494,7	-24,083
1494,75	-24,217
1494,8	-24,354
1494,85	-24,501
1494,9	-24,35
1494,95	-24,379
1495	-24,164
1495,05	-24,145
1495,1	-24,164
1495,15	-24,472
1495,2	-24,536
1495,25	-24,507
1495,3	-24,088
1495,35	-24,139
1495,4	-24,101
1495,45	-24,168
1495,5	-24,272
1495,55	-24,509
1495,6	-24,514
1495,65	-24,347
1495,7	-24,181
1495,75	-24,076
1495,8	-23,848
1495,85	-24,129
1495,9	-24,079
1495,95	-24,301
1496	-24,161
1496,05	-24,215
1496,1	-23,994
1496,15	-24,138
1496,2	-24,15
1496,25	-24,307
1496,3	-24,315
1496,35	-24,364
1496,4	-23,976
1496,45	-23,914
1496,5	-24,08
1496,55	-24,092
1496,6	-24,182
1496,65	-24,352
1496,7	-24,24
1496,75	-24,175
1496,8	-24,316
1496,85	-24,26
1496,9	-24,112
1496,95	-24,249
1497	-24,176
1497,05	-24,185
1497,1	-24,281
1497,15	-24,161
1497,2	-24,155
1497,25	-24,086
1497,3	-23,897
1497,35	-23,877
1497,4	-23,811
1497,45	-23,799
1497,5	-23,875
1497,55	-23,93
1497,6	-24,029
1497,65	-23,986
1497,7	-24,076
1497,75	-23,979
1497,8	-23,892
1497,85	-23,81
1497,9	-24,033
1497,95	-23,954
1498	-24,152
1498,05	-23,979
1498,1	-24,18
1498,15	-24,184
1498,2	-24,178
1498,25	-24,149
1498,3	-24,152
1498,35	-24,135
1498,4	-23,855
1498,45	-23,85
1498,5	-23,724
1498,55	-23,828
1498,6	-23,938
1498,65	-24,059
1498,7	-23,959
1498,75	-23,963
1498,8	-23,949
1498,85	-23,81
1498,9	-23,569
1498,95	-23,592
1499	-23,736
1499,05	-23,84
1499,1	-23,954
1499,15	-23,905
1499,2	-23,912
1499,25	-23,655
1499,3	-23,835
1499,35	-23,911
1499,4	-24,1
1499,45	-23,981
1499,5	-24,057
1499,55	-23,887
1499,6	-23,788
1499,65	-24,09
1499,7	-23,948
1499,75	-23,929
1499,8	-23,887
1499,85	-24,067
1499,9	-23,774
1499,95	-23,988
1500	-23,852
1500,05	-23,863
1500,1	-23,709
1500,15	-23,904
1500,2	-23,668
1500,25	-23,622
1500,3	-23,59
1500,35	-23,611
1500,4	-23,594
1500,45	-23,733
1500,5	-23,966
1500,55	-23,694
1500,6	-23,658
1500,65	-23,517
1500,7	-23,693
1500,75	-23,699
1500,8	-23,781
1500,85	-23,776
1500,9	-23,848
1500,95	-23,822
1501	-23,603
1501,05	-23,728
1501,1	-23,776
1501,15	-23,966
1501,2	-23,664
1501,25	-23,78
1501,3	-23,749
1501,35	-23,528
1501,4	-23,534
1501,45	-23,51
1501,5	-23,676
1501,55	-23,718
1501,6	-23,812
1501,65	-23,513
1501,7	-23,667
1501,75	-23,666
1501,8	-23,532
1501,85	-23,479
1501,9	-23,577
1501,95	-23,555
1502	-23,648
1502,05	-23,507
1502,1	-23,655
1502,15	-23,653
1502,2	-23,572
1502,25	-23,411
1502,3	-23,548
1502,35	-23,706
1502,4	-23,542
1502,45	-23,595
1502,5	-23,507
1502,55	-23,582
1502,6	-23,613
1502,65	-23,715
1502,7	-23,765
1502,75	-23,629
1502,8	-23,356
1502,85	-23,287
1502,9	-23,515
1502,95	-23,684
1503	-23,701
1503,05	-23,598
1503,1	-23,465
1503,15	-23,51
1503,2	-23,377
1503,25	-23,483
1503,3	-23,476
1503,35	-23,577
1503,4	-23,416
1503,45	-23,435
1503,5	-23,301
1503,55	-23,375
1503,6	-23,41
1503,65	-23,774
1503,7	-23,572
1503,75	-23,589
1503,8	-23,476
1503,85	-23,533
1503,9	-23,393
1503,95	-23,533
1504	-23,582
1504,05	-23,645
1504,1	-23,534
1504,15	-23,355
1504,2	-23,31
1504,25	-23,395
1504,3	-23,597
1504,35	-23,605
1504,4	-23,716
1504,45	-23,465
1504,5	-23,466
1504,55	-23,153
1504,6	-23,433
1504,65	-23,423
1504,7	-23,494
1504,75	-23,247
1504,8	-23,137
1504,85	-23,299
1504,9	-23,274
1504,95	-23,278
1505	-23,379
1505,05	-23,253
1505,1	-23,373
1505,15	-23,318
1505,2	-23,382
1505,25	-23,458
1505,3	-23,538
1505,35	-23,434
1505,4	-23,482
1505,45	-23,478
1505,5	-23,448
1505,55	-23,244
1505,6	-23,476
1505,65	-23,472
1505,7	-23,464
1505,75	-23,293
1505,8	-23,377
1505,85	-23,25
1505,9	-23,268
1505,95	-23,142
1506	-23,363
1506,05	-23,214
1506,1	-23,235
1506,15	-22,873
1506,2	-23,064
1506,25	-23,153
1506,3	-23,256
1506,35	-23,204
1506,4	-23,174
1506,45	-23,211
1506,5	-23,085
1506,55	-23,354
1506,6	-23,36
1506,65	-23,378
1506,7	-23,279
1506,75	-23,282
1506,8	-23,31
1506,85	-23,328
1506,9	-23,318
1506,95	-23,359
1507	-23,305
1507,05	-23,122
1507,1	-23,138
1507,15	-23,22
1507,2	-23,349
1507,25	-23,224
1507,3	-23,102
1507,35	-23,182
1507,4	-23,16
1507,45	-23,32
1507,5	-23,18
1507,55	-23,003
1507,6	-22,921
1507,65	-23,212
1507,7	-22,91
1507,75	-22,962
1507,8	-23,157
1507,85	-23,225
1507,9	-23,274
1507,95	-22,986
1508	-23,071
1508,05	-23,154
1508,1	-23,197
1508,15	-23,191
1508,2	-23,187
1508,25	-23,159
1508,3	-23,04
1508,35	-23,058
1508,4	-22,967
1508,45	-23,289
1508,5	-23,01
1508,55	-22,961
1508,6	-22,964
1508,65	-22,928
1508,7	-23,076
1508,75	-23,171
1508,8	-22,984
1508,85	-23,136
1508,9	-22,94
1508,95	-22,847
1509	-23,097
1509,05	-22,836
1509,1	-23,025
1509,15	-22,873
1509,2	-22,914
1509,25	-23,054
1509,3	-22,854
1509,35	-23,085
1509,4	-23,003
1509,45	-22,934
1509,5	-23,091
1509,55	-22,999
1509,6	-23,126
1509,65	-22,929
1509,7	-22,964
1509,75	-23,074
1509,8	-23,186
1509,85	-23,186
1509,9	-22,985
1509,95	-23,024
1510	-23,12
1510,05	-23,085
1510,1	-23,367
1510,15	-23,246
1510,2	-22,834
1510,25	-22,846
1510,3	-22,877
1510,35	-22,96
1510,4	-22,96
1510,45	-22,926
1510,5	-22,757
1510,55	-22,927
1510,6	-23,024
1510,65	-23,05
1510,7	-22,904
1510,75	-22,878
1510,8	-22,943
1510,85	-22,954
1510,9	-22,852
1510,95	-22,971
1511	-22,89
1511,05	-22,943
1511,1	-22,892
1511,15	-22,886
1511,2	-22,844
1511,25	-22,865
1511,3	-22,999
1511,35	-23,03
1511,4	-23,101
1511,45	-22,793
1511,5	-22,834
1511,55	-22,756
1511,6	-23,108
1511,65	-22,986
1511,7	-22,401
1511,75	-22,361
1511,8	-22,254
1511,85	-22,832
1511,9	-22,774
1511,95	-23,018
1512	-22,857
1512,05	-22,537
1512,1	-22,651
1512,15	-22,726
1512,2	-22,733
1512,25	-22,807
1512,3	-22,718
1512,35	-22,924
1512,4	-22,911
1512,45	-22,843
1512,5	-22,69
1512,55	-22,71
1512,6	-23,007
1512,65	-22,942
1512,7	-22,694
1512,75	-22,786
1512,8	-22,741
1512,85	-22,684
1512,9	-22,745
1512,95	-22,786
1513	-22,792
1513,05	-22,772
1513,1	-22,624
1513,15	-22,621
1513,2	-22,666
1513,25	-22,757
1513,3	-22,685
1513,35	-22,9
1513,4	-22,534
1513,45	-22,554
1513,5	-22,682
1513,55	-22,85
1513,6	-22,557
1513,65	-22,52
1513,7	-22,573
1513,75	-22,646
1513,8	-22,743
1513,85	-22,691
1513,9	-22,698
1513,95	-22,596
1514	-22,607
1514,05	-22,893
1514,1	-22,944
1514,15	-22,655
1514,2	-22,707
1514,25	-22,728
1514,3	-22,799
1514,35	-22,746
1514,4	-22,861
1514,45	-22,577
1514,5	-22,767
1514,55	-22,684
1514,6	-22,701
1514,65	-22,554
1514,7	-22,537
1514,75	-22,613
1514,8	-22,681
1514,85	-22,521
1514,9	-22,58
1514,95	-22,55
1515	-22,513
1515,05	-22,55
1515,1	-22,573
1515,15	-22,642
1515,2	-22,623
1515,25	-22,644
1515,3	-22,602
1515,35	-22,575
1515,4	-22,441
1515,45	-22,589
1515,5	-22,694
1515,55	-22,644
1515,6	-22,402
1515,65	-22,619
1515,7	-22,65
1515,75	-22,602
1515,8	-22,569
1515,85	-22,596
1515,9	-22,549
1515,95	-22,62
1516	-22,593
1516,05	-22,538
1516,1	-22,558
1516,15	-22,398
1516,2	-22,52
1516,25	-22,655
1516,3	-22,416
1516,35	-22,406
1516,4	-22,403
1516,45	-22,466
1516,5	-22,505
1516,55	-22,513
1516,6	-22,498
1516,65	-22,504
1516,7	-22,239
1516,75	-22,54
1516,8	-22,514
1516,85	-22,514
1516,9	-22,471
1516,95	-22,476
1517	-22,378
1517,05	-22,417
1517,1	-22,485
1517,15	-22,508
1517,2	-22,465
1517,25	-22,481
1517,3	-22,425
1517,35	-22,432
1517,4	-22,429
1517,45	-22,401
1517,5	-22,422
1517,55	-22,435
1517,6	-22,477
1517,65	-22,477
1517,7	-22,477
1517,75	-22,105
1517,8	-22,417
1517,85	-22,359
1517,9	-22,472
1517,95	-22,362
1518	-22,307
1518,05	-22,292
1518,1	-22,28
1518,15	-22,335
1518,2	-22,398
1518,25	-22,44
1518,3	-22,442
1518,35	-22,346
1518,4	-22,362
1518,45	-22,269
1518,5	-22,376
1518,55	-22,444
1518,6	-22,439
1518,65	-22,425
1518,7	-22,427
1518,75	-22,383
1518,8	-22,554
1518,85	-22,5
1518,9	-22,435
1518,95	-22,254
1519	-22,29
1519,05	-22,348
1519,1	-22,307
1519,15	-22,502
1519,2	-22,057
1519,25	-22,27
1519,3	-22,377
1519,35	-22,337
1519,4	-22,242
1519,45	-22,264
1519,5	-22,092
1519,55	-22,385
1519,6	-22,257
1519,65	-22,329
1519,7	-22,268
1519,75	-22,324
1519,8	-22,329
1519,85	-22,44
1519,9	-22,209
1519,95	-22,101
1520	-22,138
1520,05	-22,331
1520,1	-22,331
1520,15	-22,331
1520,2	-22,398
1520,25	-22,479
1520,3	-22,328
1520,35	-22,285
1520,4	-22,284
1520,45	-22,291
1520,5	-22,193
1520,55	-22,184
1520,6	-22,184
1520,65	-22,371
1520,7	-22,192
1520,75	-22,208
1520,8	-22,309
1520,85	-22,309
1520,9	-22,309
1520,95	-22,39
1521	-22,389
1521,05	-22,187
1521,1	-22,098
1521,15	-22,276
1521,2	-22,374
1521,25	-22,299
1521,3	-22,397
1521,35	-22,327
1521,4	-22,129
1521,45	-22,362
1521,5	-22,393
1521,55	-22,367
1521,6	-22,445
1521,65	-22,584
1521,7	-22,08
1521,75	-22,077
1521,8	-22,462
1521,85	-22,341
1521,9	-22,357
1521,95	-22,221
1522	-22,094
1522,05	-22,209
1522,1	-22,32
1522,15	-22,379
1522,2	-22,383
1522,25	-22,199
1522,3	-22,118
1522,35	-22,176
1522,4	-22,106
1522,45	-21,977
1522,5	-22,009
1522,55	-22,307
1522,6	-22,198
1522,65	-22,187
1522,7	-22,22
1522,75	-22,163
1522,8	-22,168
1522,85	-22,207
1522,9	-22,296
1522,95	-22,307
1523	-22,288
1523,05	-22,358
1523,1	-22,456
1523,15	-22,196
1523,2	-22,393
1523,25	-22,662
1523,3	-22,237
1523,35	-22,232
1523,4	-22,232
1523,45	-22,232
1523,5	-22,452
1523,55	-21,962
1523,6	-21,954
1523,65	-21,974
1523,7	-22,122
1523,75	-22,232
1523,8	-22,154
1523,85	-22,009
1523,9	-21,876
1523,95	-22,31
1524	-21,929
1524,05	-21,979
1524,1	-22,141
1524,15	-22,11
1524,2	-22,052
1524,25	-22,424
1524,3	-22,07
1524,35	-21,823
1524,4	-22,057
1524,45	-22
1524,5	-22,05
1524,55	-22,074
1524,6	-22,178
1524,65	-21,966
1524,7	-21,992
1524,75	-22,044
1524,8	-22,034
1524,85	-21,969
1524,9	-21,814
1524,95	-22,012
1525	-21,904
1525,05	-21,516
1525,1	-21,873
1525,15	-21,9
1525,2	-21,851
1525,25	-21,963
1525,3	-22,055
1525,35	-22,062
1525,4	-22,168
1525,45	-22,035
1525,5	-21,869
1525,55	-21,844
1525,6	-21,806
1525,65	-21,713
1525,7	-22,217
1525,75	-21,686
1525,8	-21,665
1525,85	-22,07
1525,9	-21,996
1525,95	-22,004
1526	-21,936
1526,05	-21,85
1526,1	-21,778
1526,15	-21,86
1526,2	-21,881
1526,25	-21,885
1526,3	-21,912
1526,35	-21,912
1526,4	-21,867
1526,45	-21,679
1526,5	-21,699
1526,55	-22,011
1526,6	-21,897
1526,65	-21,922
1526,7	-21,775
1526,75	-21,725
1526,8	-21,844
1526,85	-21,92
1526,9	-21,962
1526,95	-21,845
1527	-21,834
1527,05	-21,848
1527,1	-21,879
1527,15	-21,88
1527,2	-21,783
1527,25	-21,775
1527,3	-21,729
1527,35	-21,919
1527,4	-22,075
1527,45	-21,786
1527,5	-21,767
1527,55	-21,848
1527,6	-21,945
1527,65	-21,782
1527,7	-21,87
1527,75	-21,431
1527,8	-21,633
1527,85	-21,933
1527,9	-21,609
1527,95	-21,851
1528	-21,814
1528,05	-21,444
1528,1	-21,367
1528,15	-21,793
1528,2	-21,488
1528,25	-21,743
1528,3	-21,731
1528,35	-21,667
1528,4	-21,694
1528,45	-21,65
1528,5	-21,315
1528,55	-21,952
1528,6	-21,805
1528,65	-21,722
1528,7	-21,606
1528,75	-21,618
1528,8	-21,608
1528,85	-21,862
1528,9	-21,709
1528,95	-21,705
1529	-21,681
1529,05	-21,654
1529,1	-21,656
1529,15	-21,583
1529,2	-21,677
1529,25	-21,629
1529,3	-21,684
1529,35	-21,745
1529,4	-21,594
1529,45	-21,482
1529,5	-21,737
1529,55	-21,494
1529,6	-21,673
1529,65	-21,863
1529,7	-21,57
1529,75	-21,479
1529,8	-21,529
1529,85	-21,415
1529,9	-21,506
1529,95	-21,67
1530	-21,368
1530,05	-21,752
1530,1	-21,634
1530,15	-21,473
1530,2	-21,439
1530,25	-21,367
1530,3	-21,354
1530,35	-21,46
1530,4	-21,745
1530,45	-21,309
1530,5	-21,322
1530,55	-21,47
1530,6	-21,357
1530,65	-21,733
1530,7	-21,275
1530,75	-21,292
1530,8	-21,641
1530,85	-21,504
1530,9	-21,354
1530,95	-21,437
1531	-21,495
1531,05	-21,533
1531,1	-21,656
1531,15	-21,2
1531,2	-21,154
1531,25	-21,465
1531,3	-21,172
1531,35	-21,333
1531,4	-21,437
1531,45	-21,253
1531,5	-21,671
1531,55	-21,56
1531,6	-21,244
1531,65	-21,192
1531,7	-21,177
1531,75	-21,079
1531,8	-21,401
1531,85	-21,449
1531,9	-21,141
1531,95	-21,382
1532	-21,377
1532,05	-21,32
1532,1	-21,246
1532,15	-21,219
1532,2	-20,931
1532,25	-21,319
1532,3	-21,315
1532,35	-21,27
1532,4	-21,331
1532,45	-21,289
1532,5	-21,312
1532,55	-21,21
1532,6	-21,165
1532,65	-21,222
1532,7	-21,175
1532,75	-21,184
1532,8	-21,203
1532,85	-21,184
1532,9	-21,168
1532,95	-21,25
1533	-21,448
1533,05	-21,175
1533,1	-21,09
1533,15	-21,178
1533,2	-21,067
1533,25	-21,493
1533,3	-21,378
1533,35	-21,05
1533,4	-21,279
1533,45	-21,236
1533,5	-21,2
1533,55	-21,159
1533,6	-21,077
1533,65	-21,272
1533,7	-21,039
1533,75	-21,185
1533,8	-21,262
1533,85	-21,165
1533,9	-21,154
1533,95	-21,38
1534	-20,926
1534,05	-20,911
1534,1	-21,189
1534,15	-21,141
1534,2	-21,127
1534,25	-21,031
1534,3	-21,11
1534,35	-21,064
1534,4	-20,858
1534,45	-21,184
1534,5	-21,152
1534,55	-20,999
1534,6	-21,017
1534,65	-20,994
1534,7	-20,829
1534,75	-21,053
1534,8	-21,103
1534,85	-21,039
1534,9	-21,071
1534,95	-21,046
1535	-20,989
1535,05	-20,953
1535,1	-20,98
1535,15	-21,169
1535,2	-20,993
1535,25	-21,131
1535,3	-21,026
1535,35	-21,016
1535,4	-21,013
1535,45	-20,988
1535,5	-20,902
1535,55	-21,168
1535,6	-21,198
1535,65	-20,981
1535,7	-20,862
1535,75	-20,957
1535,8	-21,046
1535,85	-21,138
1535,9	-20,696
1535,95	-20,662
1536	-20,996
1536,05	-20,929
1536,1	-20,938
1536,15	-21,006
1536,2	-20,956
1536,25	-21,008
1536,3	-20,911
1536,35	-21,161
1536,4	-20,844
1536,45	-20,946
1536,5	-20,866
1536,55	-20,986
1536,6	-20,926
1536,65	-20,57
1536,7	-20,934
1536,75	-20,885
1536,8	-20,921
1536,85	-20,909
1536,9	-20,892
1536,95	-20,804
1537	-20,976
1537,05	-20,941
1537,1	-20,882
1537,15	-21,031
1537,2	-21,024
1537,25	-20,872
1537,3	-20,946
1537,35	-20,921
1537,4	-20,724
1537,45	-20,994
1537,5	-21,012
1537,55	-20,926
1537,6	-20,916
1537,65	-20,88
1537,7	-20,827
1537,75	-20,768
1537,8	-20,765
1537,85	-20,907
1537,9	-20,812
1537,95	-20,845
1538	-20,877
1538,05	-20,859
1538,1	-20,783
1538,15	-20,934
1538,2	-20,762
1538,25	-20,811
1538,3	-20,731
1538,35	-20,824
1538,4	-20,819
1538,45	-20,822
1538,5	-20,766
1538,55	-20,747
1538,6	-21,004
1538,65	-20,721
1538,7	-20,875
1538,75	-20,834
1538,8	-20,776
1538,85	-20,955
1538,9	-20,926
1538,95	-20,729
1539	-20,732
1539,05	-20,688
1539,1	-20,863
1539,15	-20,824
1539,2	-20,896
1539,25	-20,88
1539,3	-20,764
1539,35	-20,755
1539,4	-20,758
1539,45	-20,803
1539,5	-20,707
1539,55	-20,74
1539,6	-20,581
1539,65	-20,829
1539,7	-20,821
1539,75	-20,711
1539,8	-20,711
1539,85	-20,696
1539,9	-20,705
1539,95	-20,781
1540	-20,735
1540,05	-20,756
1540,1	-20,803
1540,15	-20,777
1540,2	-20,593
1540,25	-20,647
1540,3	-20,639
1540,35	-20,679
1540,4	-20,713
1540,45	-20,795
1540,5	-20,652
1540,55	-20,676
1540,6	-20,597
1540,65	-20,706
1540,7	-20,652
1540,75	-20,693
1540,8	-20,694
1540,85	-20,691
1540,9	-20,594
1540,95	-20,513
1541	-20,749
1541,05	-20,695
1541,1	-20,869
1541,15	-20,7
1541,2	-20,665
1541,25	-20,773
1541,3	-20,612
1541,35	-20,631
1541,4	-20,602
1541,45	-20,722
1541,5	-20,873
1541,55	-20,723
1541,6	-20,568
1541,65	-20,448
1541,7	-20,498
1541,75	-20,79
1541,8	-20,826
1541,85	-20,833
1541,9	-20,456
1541,95	-20,688
1542	-20,657
1542,05	-20,587
1542,1	-20,622
1542,15	-20,634
1542,2	-20,69
1542,25	-20,528
1542,3	-20,529
1542,35	-20,632
1542,4	-20,594
1542,45	-20,715
1542,5	-20,597
1542,55	-20,62
1542,6	-20,532
1542,65	-20,745
1542,7	-20,612
1542,75	-20,638
1542,8	-20,459
1542,85	-20,72
1542,9	-20,578
1542,95	-20,708
1543	-20,509
1543,05	-20,627
1543,1	-20,68
1543,15	-20,714
1543,2	-20,639
1543,25	-20,542
1543,3	-20,499
1543,35	-20,559
1543,4	-20,694
1543,45	-20,524
1543,5	-20,583
1543,55	-20,54
1543,6	-20,711
1543,65	-20,53
1543,7	-20,466
1543,75	-20,417
1543,8	-20,586
1543,85	-20,456
1543,9	-20,51
1543,95	-20,447
1544	-20,629
1544,05	-20,569
1544,1	-20,638
1544,15	-20,541
1544,2	-20,391
1544,25	-20,452
1544,3	-20,708
1544,35	-20,681
1544,4	-20,54
1544,45	-20,536
1544,5	-20,736
1544,55	-20,699
1544,6	-20,655
1544,65	-20,437
1544,7	-20,422
1544,75	-20,523
1544,8	-20,574
1544,85	-20,585
1544,9	-20,785
1544,95	-20,59
1545	-20,572
1545,05	-20,331
1545,1	-20,457
1545,15	-20,45
1545,2	-20,588
1545,25	-20,537
1545,3	-20,454
1545,35	-20,636
1545,4	-20,529
1545,45	-20,544
1545,5	-20,358
1545,55	-20,428
1545,6	-20,568
1545,65	-20,709
1545,7	-20,677
1545,75	-20,624
1545,8	-20,445
1545,85	-20,495
1545,9	-20,458
1545,95	-20,55
1546	-20,532
1546,05	-20,593
1546,1	-20,581
1546,15	-20,439
1546,2	-20,488
1546,25	-20,425
1546,3	-20,409
1546,35	-20,401
1546,4	-20,472
1546,45	-20,651
1546,5	-20,446
1546,55	-20,397
1546,6	-20,486
1546,65	-20,492
1546,7	-20,592
1546,75	-20,564
1546,8	-20,538
1546,85	-20,42
1546,9	-20,46
1546,95	-20,598
1547	-20,542
1547,05	-20,525
1547,1	-20,511
1547,15	-20,756
1547,2	-20,717
1547,25	-20,471
1547,3	-20,508
1547,35	-20,543
1547,4	-20,452
1547,45	-20,689
1547,5	-20,669
1547,55	-20,539
1547,6	-20,368
1547,65	-20,383
1547,7	-20,514
1547,75	-20,629
1547,8	-20,629
1547,85	-20,563
1547,9	-20,458
1547,95	-20,479
1548	-20,491
1548,05	-20,546
1548,1	-20,513
1548,15	-20,596
1548,2	-20,509
1548,25	-20,741
1548,3	-20,552
1548,35	-20,643
1548,4	-20,456
1548,45	-20,652
1548,5	-20,585
1548,55	-20,481
1548,6	-20,676
1548,65	-20,712
1548,7	-20,818
1548,75	-20,7
1548,8	-20,677
1548,85	-20,519
1548,9	-20,716
1548,95	-20,718
1549	-20,93
1549,05	-20,622
1549,1	-20,525
1549,15	-20,593
1549,2	-20,74
1549,25	-20,835
1549,3	-20,652
1549,35	-20,468
1549,4	-20,565
1549,45	-20,607
1549,5	-20,686
1549,55	-20,644
1549,6	-20,518
1549,65	-20,679
1549,7	-20,681
1549,75	-20,622
1549,8	-20,485
1549,85	-20,632
1549,9	-20,724
1549,95	-20,587
1550	-20,525
1550,05	-20,492
1550,1	-20,647
1550,15	-20,68
1550,2	-20,676
1550,25	-20,594
1550,3	-20,589
1550,35	-20,794
1550,4	-20,588
1550,45	-20,522
1550,5	-20,564
1550,55	-20,711
1550,6	-20,755
1550,65	-20,513
1550,7	-20,523
1550,75	-20,499
1550,8	-20,566
1550,85	-20,537
1550,9	-20,566
1550,95	-20,454
1551	-20,477
1551,05	-20,485
1551,1	-20,587
1551,15	-20,461
1551,2	-20,468
1551,25	-20,512
1551,3	-20,489
1551,35	-20,477
1551,4	-20,507
1551,45	-20,503
1551,5	-20,427
1551,55	-20,539
1551,6	-20,556
1551,65	-20,692
1551,7	-20,685
1551,75	-20,452
1551,8	-20,571
1551,85	-20,662
1551,9	-20,566
1551,95	-20,518
1552	-20,581
1552,05	-20,516
1552,1	-20,548
1552,15	-20,562
1552,2	-20,562
1552,25	-20,546
1552,3	-20,487
1552,35	-20,496
1552,4	-20,5
1552,45	-20,596
1552,5	-20,603
1552,55	-20,592
1552,6	-20,551
1552,65	-20,542
1552,7	-20,549
1552,75	-20,614
1552,8	-20,61
1552,85	-20,61
1552,9	-20,588
1552,95	-20,568
1553	-20,557
1553,05	-20,669
1553,1	-20,667
1553,15	-20,669
1553,2	-20,661
1553,25	-20,603
1553,3	-20,612
1553,35	-20,554
1553,4	-20,628
1553,45	-20,629
1553,5	-20,597
1553,55	-20,55
1553,6	-20,679
1553,65	-20,674
1553,7	-20,715
1553,75	-20,381
1553,8	-20,427
1553,85	-20,623
1553,9	-20,58
1553,95	-20,57
1554	-20,614
1554,05	-20,679
1554,1	-20,676
1554,15	-20,616
1554,2	-20,603
1554,25	-20,592
1554,3	-20,623
1554,35	-20,663
1554,4	-20,656
1554,45	-20,697
1554,5	-20,653
1554,55	-20,655
1554,6	-20,699
1554,65	-20,763
1554,7	-20,736
1554,75	-20,657
1554,8	-20,603
1554,85	-20,624
1554,9	-20,794
1554,95	-20,776
1555	-20,764
1555,05	-20,546
1555,1	-20,573
1555,15	-20,79
1555,2	-20,79
1555,25	-20,705
1555,3	-20,48
1555,35	-20,655
1555,4	-20,697
1555,45	-20,736
1555,5	-20,704
1555,55	-20,67
1555,6	-20,644
1555,65	-20,747
1555,7	-20,751
1555,75	-20,676
1555,8	-20,692
1555,85	-20,68
1555,9	-20,832
1555,95	-20,785
1556	-20,766
1556,05	-20,834
1556,1	-20,846
1556,15	-20,889
1556,2	-20,808
1556,25	-20,748
1556,3	-20,806
1556,35	-20,846
1556,4	-20,854
1556,45	-20,601
1556,5	-20,667
1556,55	-20,834
1556,6	-20,939
1556,65	-20,906
1556,7	-20,977
1556,75	-20,75
1556,8	-20,78
1556,85	-20,802
1556,9	-20,781
1556,95	-20,86
1557	-20,824
1557,05	-20,767
1557,1	-20,765
1557,15	-20,697
1557,2	-20,908
1557,25	-21,073
1557,3	-20,743
1557,35	-20,777
1557,4	-20,781
1557,45	-20,968
1557,5	-20,894
1557,55	-20,956
1557,6	-20,884
1557,65	-20,959
1557,7	-20,95
1557,75	-21,019
1557,8	-20,837
1557,85	-20,943
1557,9	-20,944
1557,95	-20,972
1558	-20,92
1558,05	-20,956
1558,1	-20,957
1558,15	-20,98
1558,2	-20,919
1558,25	-20,88
1558,3	-20,882
1558,35	-20,932
1558,4	-20,902
1558,45	-20,969
1558,5	-20,926
1558,55	-20,832
1558,6	-20,916
1558,65	-20,946
1558,7	-21,123
1558,75	-21,153
1558,8	-20,959
1558,85	-21,028
1558,9	-21,089
1558,95	-21,128
1559	-21,048
1559,05	-21,016
1559,1	-20,899
1559,15	-21,19
1559,2	-21,264
1559,25	-21,093
1559,3	-20,954
1559,35	-20,954
1559,4	-21,144
1559,45	-21,162
1559,5	-21,208
1559,55	-21,051
1559,6	-21,107
1559,65	-21,02
1559,7	-21,111
1559,75	-21,032
1559,8	-21,078
1559,85	-20,956
1559,9	-21,262
1559,95	-20,921
1560	-21,013
1560,05	-21,078
1560,1	-21,142
1560,15	-21,307
1560,2	-21,216
1560,25	-21,026
1560,3	-21,02
1560,35	-21,102
1560,4	-21,315
1560,45	-21,324
1560,5	-21,092
1560,55	-21,034
1560,6	-21,072
1560,65	-21,419
1560,7	-21,241
1560,75	-21,27
1560,8	-21,242
1560,85	-21,21
1560,9	-21,197
1560,95	-21,332
1561	-21,379
1561,05	-21,296
1561,1	-21,208
1561,15	-21,263
1561,2	-21,316
1561,25	-21,315
1561,3	-21,199
1561,35	-21,142
1561,4	-21,279
1561,45	-21,331
1561,5	-21,226
1561,55	-21,278
1561,6	-21,246
1561,65	-21,387
1561,7	-21,345
1561,75	-21,362
1561,8	-21,406
1561,85	-21,398
1561,9	-21,439
1561,95	-21,403
1562	-21,376
1562,05	-21,48
1562,1	-21,522
1562,15	-21,412
1562,2	-21,321
1562,25	-21,21
1562,3	-21,462
1562,35	-21,447
1562,4	-21,503
1562,45	-21,442
1562,5	-21,452
1562,55	-21,368
1562,6	-21,5
1562,65	-21,25
1562,7	-21,398
1562,75	-21,545
1562,8	-21,545
1562,85	-21,545
1562,9	-21,32
1562,95	-21,373
1563	-21,595
1563,05	-21,529
1563,1	-21,457
1563,15	-21,311
1563,2	-21,434
1563,25	-21,465
1563,3	-21,722
1563,35	-21,424
1563,4	-21,328
1563,45	-21,263
1563,5	-21,537
1563,55	-21,595
1563,6	-21,614
1563,65	-21,537
1563,7	-21,475
1563,75	-21,396
1563,8	-21,604
1563,85	-21,599
1563,9	-21,652
1563,95	-21,423
1564	-21,542
1564,05	-21,505
1564,1	-21,706
1564,15	-21,265
1564,2	-21,297
1564,25	-21,563
1564,3	-21,534
1564,35	-21,541
1564,4	-21,609
1564,45	-21,621
1564,5	-21,623
1564,55	-21,586
1564,6	-21,572
1564,65	-21,562
1564,7	-21,527
1564,75	-21,689
1564,8	-21,681
1564,85	-21,655
1564,9	-21,688
1564,95	-21,63
1565	-21,497
1565,05	-21,644
1565,1	-21,684
1565,15	-21,759
1565,2	-21,815
1565,25	-21,797
1565,3	-21,795
1565,35	-21,781
1565,4	-21,778
1565,45	-21,71
1565,5	-21,663
1565,55	-21,7
1565,6	-21,58
1565,65	-21,781
1565,7	-21,769
1565,75	-21,631
1565,8	-21,64
1565,85	-21,779
1565,9	-21,824
1565,95	-21,863
1566	-21,699
1566,05	-21,738
1566,1	-21,798
1566,15	-21,625
1566,2	-21,795
1566,25	-21,735
1566,3	-21,808
1566,35	-21,84
1566,4	-21,842
1566,45	-21,653
1566,5	-21,827
1566,55	-21,806
1566,6	-21,938
1566,65	-21,817
1566,7	-21,776
1566,75	-21,774
1566,8	-22,214
1566,85	-21,793
1566,9	-21,845
1566,95	-21,874
1567	-21,937
1567,05	-21,931
1567,1	-21,954
1567,15	-21,816
1567,2	-21,825
1567,25	-21,942
1567,3	-21,954
1567,35	-21,959
1567,4	-21,938
1567,45	-21,993
1567,5	-22,038
1567,55	-22,214
1567,6	-22,129
1567,65	-21,913
1567,7	-21,965
1567,75	-22,022
1567,8	-22,062
1567,85	-22,16
1567,9	-22,084
1567,95	-21,825
1568	-22,115
1568,05	-22,193
1568,1	-22,206
1568,15	-22,061
1568,2	-22,038
1568,25	-22,081
1568,3	-22,309
1568,35	-22,292
1568,4	-22,228
1568,45	-22,119
1568,5	-22,16
1568,55	-22,179
1568,6	-22,161
1568,65	-22,125
1568,7	-22,108
1568,75	-22,239
1568,8	-22,151
1568,85	-21,992
1568,9	-22,152
1568,95	-22,244
1569	-22,19
1569,05	-22,166
1569,1	-22,153
1569,15	-22,215
1569,2	-22,314
1569,25	-22,227
1569,3	-22,226
1569,35	-22,179
1569,4	-22,166
1569,45	-22,163
1569,5	-22,174
1569,55	-22,113
1569,6	-22,065
1569,65	-22,076
1569,7	-22,166
1569,75	-22,216
1569,8	-22,209
1569,85	-22,314
1569,9	-22,321
1569,95	-22,29
1570	-22,175
1570,05	-22,242
1570,1	-22,25
1570,15	-22,223
1570,2	-22,193
1570,25	-21,973
1570,3	-22,311
1570,35	-22,473
1570,4	-22,143
1570,45	-22,248
1570,5	-22,32
1570,55	-22,359
1570,6	-22,351
1570,65	-22,331
1570,7	-22,149
1570,75	-22,501
1570,8	-22,382
1570,85	-22,398
1570,9	-22,325
1570,95	-22,332
1571	-22,286
1571,05	-22,697
1571,1	-22,264
1571,15	-22,261
1571,2	-22,424
1571,25	-22,376
1571,3	-22,414
1571,35	-22,483
1571,4	-22,487
1571,45	-22,45
1571,5	-22,524
1571,55	-22,537
1571,6	-22,485
1571,65	-22,427
1571,7	-22,43
1571,75	-22,389
1571,8	-22,782
1571,85	-22,791
1571,9	-22,339
1571,95	-22,502
1572	-22,498
1572,05	-22,584
1572,1	-22,539
1572,15	-22,553
1572,2	-22,281
1572,25	-22,696
1572,3	-22,711
1572,35	-22,457
1572,4	-22,639
1572,45	-22,632
1572,5	-22,625
1572,55	-22,649
1572,6	-22,562
1572,65	-22,352
1572,7	-22,68
1572,75	-22,664
1572,8	-22,56
1572,85	-22,642
1572,9	-22,675
1572,95	-22,554
1573	-22,807
1573,05	-22,324
1573,1	-22,318
1573,15	-22,694
1573,2	-22,628
1573,25	-22,663
1573,3	-22,66
1573,35	-22,646
1573,4	-22,65
1573,45	-22,967
1573,5	-22,611
1573,55	-22,705
1573,6	-22,701
1573,65	-22,711
1573,7	-22,59
1573,75	-22,727
1573,8	-22,741
1573,85	-22,38
1573,9	-22,825
1573,95	-22,772
1574	-22,817
1574,05	-22,776
1574,1	-22,82
1574,15	-22,55
1574,2	-22,786
1574,25	-22,783
1574,3	-22,546
1574,35	-22,883
1574,4	-22,89
1574,45	-22,832
1574,5	-22,859
1574,55	-23,106
1574,6	-22,644
1574,65	-23,129
1574,7	-22,86
1574,75	-22,845
1574,8	-22,887
1574,85	-22,914
1574,9	-22,902
1574,95	-23,21