1485	-25,328
1485,05	-25,582
1485,1	-25,458
1485,15	-25,461
1485,2	-25,736
1485,25	-25,226
1485,3	-25,496
1485,35	-25,278
1485,4	-25,492
1485,45	-25,49
1485,5	-25,385
1485,55	-25,39
1485,6	-25,814
1485,65	-25,346
1485,7	-25,41
1485,75	-25,422
1485,8	-25,23
1485,85	-25,631
1485,9	-25,45
1485,95	-25,421
1486	-25,468
1486,05	-25,513
1486,1	-25,463
1486,15	-25,313
1486,2	-25,361
1486,25	-25,653
1486,3	-25,407
1486,35	-25,126
1486,4	-25,184
1486,45	-25,081
1486,5	-25,602
1486,55	-25,288
1486,6	-25,074
1486,65	-25,308
1486,7	-25,116
1486,75	-25,408
1486,8	-25,365
1486,85	-25,281
1486,9	-25,321
1486,95	-25,181
1487	-25,036
1487,05	-25,126
1487,1	-25,336
1487,15	-25,105
1487,2	-25,161
1487,25	-25,12
1487,3	-25,211
1487,35	-24,924
1487,4	-25,433
1487,45	-25,346
1487,5	-25,024
1487,55	-25,357
1487,6	-25,038
1487,65	-25,357
1487,7	-25,228
1487,75	-25,007
1487,8	-25,109
1487,85	-25,208
1487,9	-25,056
1487,95	-25,042
1488	-24,745
1488,05	-25,031
1488,1	-25,023
1488,15	-24,961
1488,2	-25,016
1488,25	-25,149
1488,3	-25,216
1488,35	-25,22
1488,4	-25,105
1488,45	-25,082
1488,5	-24,922
1488,55	-25,241
1488,6	-24,976
1488,65	-25,049
1488,7	-25,207
1488,75	-25,204
1488,8	-25,077
1488,85	-25,214
1488,9	-25,161
1488,95	-24,909
1489	-25,079
1489,05	-25,16
1489,1	-25,165
1489,15	-25,042
1489,2	-25,034
1489,25	-25,149
1489,3	-25,187
1489,35	-24,694
1489,4	-25
1489,45	-25,218
1489,5	-25,051
1489,55	-24,805
1489,6	-25,029
1489,65	-24,95
1489,7	-24,799
1489,75	-24,867
1489,8	-24,739
1489,85	-24,814
1489,9	-24,967
1489,95	-24,907
1490	-24,702
1490,05	-24,977
1490,1	-24,976
1490,15	-24,888
1490,2	-24,988
1490,25	-24,837
1490,3	-25,021
1490,35	-25,09
1490,4	-24,648
1490,45	-24,945
1490,5	-24,96
1490,55	-24,974
1490,6	-24,881
1490,65	-24,9
1490,7	-24,915
1490,75	-24,902
1490,8	-24,728
1490,85	-24,922
1490,9	-24,992
1490,95	-24,834
1491	-24,986
1491,05	-24,861
1491,1	-24,969
1491,15	-24,977
1491,2	-24,679
1491,25	-24,89
1491,3	-24,813
1491,35	-24,659
1491,4	-24,999
1491,45	-24,924
1491,5	-24,795
1491,55	-24,685
1491,6	-24,75
1491,65	-24,572
1491,7	-24,545
1491,75	-24,99
1491,8	-24,922
1491,85	-24,64
1491,9	-24,711
1491,95	-24,58
1492	-24,742
1492,05	-24,634
1492,1	-24,634
1492,15	-24,634
1492,2	-24,886
1492,25	-24,611
1492,3	-24,706
1492,35	-24,527
1492,4	-24,542
1492,45	-24,884
1492,5	-24,549
1492,55	-24,532
1492,6	-24,497
1492,65	-24,837
1492,7	-24,716
1492,75	-24,904
1492,8	-24,929
1492,85	-24,512
1492,9	-24,857
1492,95	-24,55
1493	-24,627
1493,05	-24,744
1493,1	-24,676
1493,15	-24,819
1493,2	-24,463
1493,25	-24,831
1493,3	-24,766
1493,35	-24,503
1493,4	-24,58
1493,45	-24,425
1493,5	-24,469
1493,55	-24,672
1493,6	-24,521
1493,65	-24,614
1493,7	-24,667
1493,75	-24,692
1493,8	-24,549
1493,85	-24,466
1493,9	-24,512
1493,95	-24,681
1494	-24,513
1494,05	-24,606
1494,1	-24,298
1494,15	-24,513
1494,2	-24,386
1494,25	-24,396
1494,3	-24,549
1494,35	-24,391
1494,4	-24,367
1494,45	-24,727
1494,5	-24,385
1494,55	-24,494
1494,6	-24,563
1494,65	-24,666
1494,7	-24,425
1494,75	-24,596
1494,8	-24,423
1494,85	-24,499
1494,9	-24,216
1494,95	-24,486
1495	-24,404
1495,05	-24,342
1495,1	-24,582
1495,15	-24,334
1495,2	-24,488
1495,25	-24,437
1495,3	-24,642
1495,35	-24,544
1495,4	-24,198
1495,45	-24,541
1495,5	-24,359
1495,55	-24,448
1495,6	-24,57
1495,65	-24,431
1495,7	-24,535
1495,75	-24,639
1495,8	-24,462
1495,85	-24,53
1495,9	-24,382
1495,95	-24,623
1496	-24,574
1496,05	-24,195
1496,1	-24,415
1496,15	-24,589
1496,2	-24,533
1496,25	-24,123
1496,3	-24,36
1496,35	-24,385
1496,4	-24,405
1496,45	-24,469
1496,5	-24,334
1496,55	-24,151
1496,6	-24,64
1496,65	-24,172
1496,7	-24,15
1496,75	-24,261
1496,8	-24,461
1496,85	-24,268
1496,9	-24,514
1496,95	-24,167
1497	-24,158
1497,05	-24,192
1497,1	-24,247
1497,15	-24,483
1497,2	-24,179
1497,25	-24,296
1497,3	-24,515
1497,35	-24,365
1497,4	-24,314
1497,45	-24,056
1497,5	-24,052
1497,55	-24,223
1497,6	-24,274
1497,65	-24,349
1497,7	-24,235
1497,75	-24,084
1497,8	-24,538
1497,85	-24,33
1497,9	-24,002
1497,95	-24,081
1498	-24,434
1498,05	-24,267
1498,1	-24,21
1498,15	-24,206
1498,2	-24,483
1498,25	-24,371
1498,3	-24,144
1498,35	-24,234
1498,4	-24,065
1498,45	-24,359
1498,5	-24,416
1498,55	-24,093
1498,6	-24,185
1498,65	-24,315
1498,7	-24,15
1498,75	-24,275
1498,8	-24,158
1498,85	-24,404
1498,9	-24,318
1498,95	-24,29
1499	-24,167
1499,05	-24,159
1499,1	-24,179
1499,15	-24,187
1499,2	-24,228
1499,25	-24,273
1499,3	-24,122
1499,35	-24,089
1499,4	-24,093
1499,45	-24,052
1499,5	-24,085
1499,55	-24,09
1499,6	-24,115
1499,65	-24,269
1499,7	-24,097
1499,75	-24,096
1499,8	-24,197
1499,85	-24,205
1499,9	-24,05
1499,95	-24,174
1500	-24,24
1500,05	-24,151
1500,1	-24,184
1500,15	-23,971
1500,2	-23,9
1500,25	-23,928
1500,3	-24,294
1500,35	-24,167
1500,4	-24,042
1500,45	-24,044
1500,5	-24,337
1500,55	-24,022
1500,6	-24,086
1500,65	-23,954
1500,7	-24,256
1500,75	-24,119
1500,8	-23,951
1500,85	-24,117
1500,9	-24,099
1500,95	-24,188
1501	-24,142
1501,05	-24,076
1501,1	-24,102
1501,15	-24,153
1501,2	-24,095
1501,25	-24,178
1501,3	-24,154
1501,35	-24,191
1501,4	-24,12
1501,45	-24,222
1501,5	-23,972
1501,55	-24,075
1501,6	-24,071
1501,65	-24,159
1501,7	-24,126
1501,75	-24,062
1501,8	-23,941
1501,85	-23,998
1501,9	-24,136
1501,95	-24,008
1502	-24,148
1502,05	-23,933
1502,1	-24,055
1502,15	-23,965
1502,2	-24,032
1502,25	-23,853
1502,3	-24,079
1502,35	-24,025
1502,4	-24,018
1502,45	-24,076
1502,5	-23,894
1502,55	-24,048
1502,6	-23,916
1502,65	-23,894
1502,7	-23,924
1502,75	-24,076
1502,8	-24,139
1502,85	-23,86
1502,9	-23,987
1502,95	-24,068
1503	-24,169
1503,05	-23,889
1503,1	-23,945
1503,15	-23,986
1503,2	-23,991
1503,25	-23,837
1503,3	-23,746
1503,35	-23,755
1503,4	-24,06
1503,45	-23,897
1503,5	-23,856
1503,55	-24,041
1503,6	-23,87
1503,65	-23,957
1503,7	-23,85
1503,75	-24,1
1503,8	-23,98
1503,85	-23,799
1503,9	-24,018
1503,95	-23,956
1504	-23,854
1504,05	-23,988
1504,1	-24,017
1504,15	-23,959
1504,2	-23,881
1504,25	-23,953
1504,3	-23,812
1504,35	-24,019
1504,4	-24,201
1504,45	-23,8
1504,5	-23,878
1504,55	-23,808
1504,6	-23,923
1504,65	-23,804
1504,7	-23,76
1504,75	-23,964
1504,8	-23,949
1504,85	-23,951
1504,9	-23,838
1504,95	-23,853
1505	-23,949
1505,05	-24,01
1505,1	-23,793
1505,15	-23,977
1505,2	-24,034
1505,25	-23,952
1505,3	-23,96
1505,35	-23,921
1505,4	-24,05
1505,45	-23,881
1505,5	-23,784
1505,55	-23,842
1505,6	-23,726
1505,65	-23,932
1505,7	-23,949
1505,75	-23,844
1505,8	-23,898
1505,85	-24,097
1505,9	-23,96
1505,95	-23,971
1506	-23,834
1506,05	-24,004
1506,1	-23,885
1506,15	-23,929
1506,2	-23,806
1506,25	-23,947
1506,3	-23,852
1506,35	-23,94
1506,4	-23,93
1506,45	-23,778
1506,5	-23,995
1506,55	-23,911
1506,6	-23,836
1506,65	-23,805
1506,7	-23,892
1506,75	-23,783
1506,8	-23,677
1506,85	-24,164
1506,9	-24,021
1506,95	-23,855
1507	-23,777
1507,05	-23,859
1507,1	-23,954
1507,15	-23,69
1507,2	-23,636
1507,25	-23,935
1507,3	-23,783
1507,35	-23,854
1507,4	-23,804
1507,45	-23,838
1507,5	-23,76
1507,55	-23,771
1507,6	-23,72
1507,65	-23,823
1507,7	-23,751
1507,75	-23,812
1507,8	-23,716
1507,85	-23,803
1507,9	-24,005
1507,95	-23,915
1508	-23,854
1508,05	-23,839
1508,1	-23,909
1508,15	-23,969
1508,2	-23,707
1508,25	-23,662
1508,3	-23,932
1508,35	-23,957
1508,4	-23,845
1508,45	-23,821
1508,5	-23,808
1508,55	-23,885
1508,6	-23,81
1508,65	-24,032
1508,7	-23,737
1508,75	-23,846
1508,8	-23,693
1508,85	-23,885
1508,9	-23,768
1508,95	-23,678
1509	-23,663
1509,05	-23,765
1509,1	-23,857
1509,15	-23,77
1509,2	-23,581
1509,25	-23,786
1509,3	-23,761
1509,35	-23,803
1509,4	-23,606
1509,45	-23,597
1509,5	-23,67
1509,55	-23,561
1509,6	-23,66
1509,65	-23,632
1509,7	-23,632
1509,75	-23,685
1509,8	-23,639
1509,85	-23,616
1509,9	-23,836
1509,95	-23,742
1510	-23,732
1510,05	-23,686
1510,1	-23,686
1510,15	-23,708
1510,2	-23,644
1510,25	-23,616
1510,3	-23,773
1510,35	-23,731
1510,4	-23,678
1510,45	-23,739
1510,5	-23,79
1510,55	-23,657
1510,6	-23,753
1510,65	-23,638
1510,7	-23,674
1510,75	-23,614
1510,8	-23,623
1510,85	-23,677
1510,9	-23,702
1510,95	-23,687
1511	-23,705
1511,05	-23,781
1511,1	-23,696
1511,15	-23,54
1511,2	-23,59
1511,25	-23,774
1511,3	-23,584
1511,35	-23,767
1511,4	-23,65
1511,45	-23,712
1511,5	-23,716
1511,55	-23,684
1511,6	-23,6
1511,65	-23,678
1511,7	-23,588
1511,75	-23,589
1511,8	-23,603
1511,85	-23,567
1511,9	-23,729
1511,95	-23,721
1512	-23,787
1512,05	-23,765
1512,1	-23,75
1512,15	-23,68
1512,2	-23,67
1512,25	-23,646
1512,3	-23,53
1512,35	-23,55
1512,4	-23,678
1512,45	-23,589
1512,5	-23,69
1512,55	-23,581
1512,6	-23,58
1512,65	-23,517
1512,7	-23,513
1512,75	-23,621
1512,8	-23,58
1512,85	-23,606
1512,9	-23,686
1512,95	-23,616
1513	-23,704
1513,05	-23,608
1513,1	-23,571
1513,15	-23,501
1513,2	-23,507
1513,25	-23,524
1513,3	-23,684
1513,35	-23,542
1513,4	-23,509
1513,45	-23,388
1513,5	-23,664
1513,55	-23,595
1513,6	-23,538
1513,65	-23,546
1513,7	-23,48
1513,75	-23,585
1513,8	-23,733
1513,85	-23,643
1513,9	-23,601
1513,95	-23,6
1514	-23,543
1514,05	-23,6
1514,1	-23,255
1514,15	-23,538
1514,2	-23,645
1514,25	-23,592
1514,3	-23,611
1514,35	-23,518
1514,4	-23,648
1514,45	-23,56
1514,5	-23,626
1514,55	-23,461
1514,6	-23,495
1514,65	-23,565
1514,7	-23,495
1514,75	-23,453
1514,8	-23,592
1514,85	-23,525
1514,9	-23,346
1514,95	-23,479
1515	-23,438
1515,05	-23,659
1515,1	-23,565
1515,15	-23,388
1515,2	-23,737
1515,25	-23,699
1515,3	-23,521
1515,35	-23,383
1515,4	-23,45
1515,45	-23,524
1515,5	-23,411
1515,55	-23,324
1515,6	-23,533
1515,65	-23,58
1515,7	-23,444
1515,75	-23,417
1515,8	-23,449
1515,85	-23,472
1515,9	-23,21
1515,95	-23,151
1516	-23,514
1516,05	-23,501
1516,1	-23,491
1516,15	-23,456
1516,2	-23,423
1516,25	-23,454
1516,3	-23,252
1516,35	-23,26
1516,4	-23,331
1516,45	-23,415
1516,5	-23,418
1516,55	-23,521
1516,6	-23,462
1516,65	-23,683
1516,7	-23,375
1516,75	-23,312
1516,8	-23,318
1516,85	-23,435
1516,9	-23,418
1516,95	-23,347
1517	-23,445
1517,05	-23,437
1517,1	-23,443
1517,15	-23,327
1517,2	-23,358
1517,25	-23,401
1517,3	-23,366
1517,35	-23,336
1517,4	-23,321
1517,45	-23,419
1517,5	-23,443
1517,55	-23,394
1517,6	-23,418
1517,65	-23,315
1517,7	-23,321
1517,75	-23,492
1517,8	-23,457
1517,85	-23,422
1517,9	-23,443
1517,95	-23,43
1518	-23,36
1518,05	-23,414
1518,1	-23,308
1518,15	-23,475
1518,2	-23,382
1518,25	-23,412
1518,3	-23,372
1518,35	-23,442
1518,4	-23,42
1518,45	-23,337
1518,5	-23,296
1518,55	-23,286
1518,6	-23,274
1518,65	-23,409
1518,7	-23,353
1518,75	-23,236
1518,8	-23,233
1518,85	-23,444
1518,9	-23,409
1518,95	-23,359
1519	-23,355
1519,05	-23,355
1519,1	-23,399
1519,15	-23,257
1519,2	-23,293
1519,25	-23,303
1519,3	-23,326
1519,35	-23,32
1519,4	-23,353
1519,45	-23,329
1519,5	-23,168
1519,55	-23,15
1519,6	-23,158
1519,65	-23,25
1519,7	-23,356
1519,75	-23,324
1519,8	-23,35
1519,85	-23,349
1519,9	-23,388
1519,95	-23,307
1520	-23,238
1520,05	-23,327
1520,1	-23,224
1520,15	-23,313
1520,2	-23,242
1520,25	-23,34
1520,3	-23,248
1520,35	-23,309
1520,4	-23,243
1520,45	-23,253
1520,5	-23,226
1520,55	-23,351
1520,6	-23,341
1520,65	-23,332
1520,7	-23,258
1520,75	-23,208
1520,8	-23,281
1520,85	-23,233
1520,9	-23,131
1520,95	-23,23
1521	-23,345
1521,05	-23,009
1521,1	-23,298
1521,15	-23,297
1521,2	-23,259
1521,25	-23,305
1521,3	-23,122
1521,35	-23,25
1521,4	-23,18
1521,45	-23,227
1521,5	-23,22
1521,55	-23,235
1521,6	-23,364
1521,65	-23,323
1521,7	-22,796
1521,75	-23,189
1521,8	-23,067
1521,85	-23,249
1521,9	-23,19
1521,95	-23,195
1522	-23,397
1522,05	-23,321
1522,1	-23,145
1522,15	-23,126
1522,2	-23,222
1522,25	-23,178
1522,3	-23,129
1522,35	-23,133
1522,4	-23,363
1522,45	-23,344
1522,5	-22,901
1522,55	-23,37
1522,6	-23,019
1522,65	-23,121
1522,7	-23,188
1522,75	-23,023
1522,8	-23,296
1522,85	-23,097
1522,9	-22,933
1522,95	-23,128
1523	-23,198
1523,05	-23,123
1523,1	-23,181
1523,15	-22,876
1523,2	-23,369
1523,25	-23,255
1523,3	-23,109
1523,35	-23,145
1523,4	-23,205
1523,45	-23,158
1523,5	-23,194
1523,55	-23,194
1523,6	-23,131
1523,65	-22,936
1523,7	-23,081
1523,75	-23,145
1523,8	-23,101
1523,85	-23,154
1523,9	-23,083
1523,95	-23,004
1524	-23,068
1524,05	-23,143
1524,1	-23,094
1524,15	-23,084
1524,2	-23,146
1524,25	-23,152
1524,3	-23,053
1524,35	-23,202
1524,4	-23,184
1524,45	-23,039
1524,5	-23,118
1524,55	-23,123
1524,6	-22,996
1524,65	-23,006
1524,7	-22,937
1524,75	-23,094
1524,8	-23,109
1524,85	-23,06
1524,9	-23,108
1524,95	-22,796
1525	-23,012
1525,05	-23,009
1525,1	-23,166
1525,15	-23,108
1525,2	-23,165
1525,25	-23,111
1525,3	-23,001
1525,35	-23,171
1525,4	-23,209
1525,45	-22,861
1525,5	-22,985
1525,55	-22,944
1525,6	-22,994
1525,65	-23,08
1525,7	-22,726
1525,75	-23,2
1525,8	-23,096
1525,85	-22,896
1525,9	-23,062
1525,95	-23,027
1526	-23,067
1526,05	-23,031
1526,1	-22,746
1526,15	-23,034
1526,2	-22,923
1526,25	-22,813
1526,3	-22,902
1526,35	-23,007
1526,4	-23,04
1526,45	-23,071
1526,5	-22,766
1526,55	-22,982
1526,6	-23,012
1526,65	-22,855
1526,7	-22,94
1526,75	-22,821
1526,8	-23,083
1526,85	-23,064
1526,9	-22,888
1526,95	-22,849
1527	-22,966
1527,05	-22,792
1527,1	-22,897
1527,15	-22,774
1527,2	-22,917
1527,25	-22,882
1527,3	-22,851
1527,35	-22,925
1527,4	-23,068
1527,45	-22,88
1527,5	-22,804
1527,55	-22,773
1527,6	-22,875
1527,65	-22,875
1527,7	-22,775
1527,75	-22,657
1527,8	-23,034
1527,85	-22,832
1527,9	-22,88
1527,95	-22,716
1528	-22,782
1528,05	-22,881
1528,1	-22,732
1528,15	-22,809
1528,2	-22,743
1528,25	-22,77
1528,3	-22,776
1528,35	-22,8
1528,4	-22,784
1528,45	-22,69
1528,5	-22,895
1528,55	-22,875
1528,6	-22,661
1528,65	-22,588
1528,7	-22,703
1528,75	-22,524
1528,8	-22,719
1528,85	-22,88
1528,9	-22,52
1528,95	-22,85
1529	-22,681
1529,05	-22,655
1529,1	-22,619
1529,15	-22,53
1529,2	-22,568
1529,25	-22,749
1529,3	-22,401
1529,35	-22,678
1529,4	-22,601
1529,45	-22,597
1529,5	-22,643
1529,55	-22,364
1529,6	-22,606
1529,65	-22,585
1529,7	-22,598
1529,75	-22,534
1529,8	-22,532
1529,85	-22,552
1529,9	-22,536
1529,95	-22,601
1530	-22,479
1530,05	-22,498
1530,1	-22,462
1530,15	-22,583
1530,2	-22,517
1530,25	-22,49
1530,3	-22,467
1530,35	-22,459
1530,4	-22,647
1530,45	-22,407
1530,5	-22,449
1530,55	-22,434
1530,6	-22,389
1530,65	-22,61
1530,7	-22,571
1530,75	-22,602
1530,8	-22,544
1530,85	-22,37
1530,9	-22,465
1530,95	-22,432
1531	-22,444
1531,05	-22,422
1531,1	-22,735
1531,15	-22,373
1531,2	-22,473
1531,25	-22,444
1531,3	-22,427
1531,35	-22,394
1531,4	-22,405
1531,45	-22,235
1531,5	-22,478
1531,55	-22,549
1531,6	-22,371
1531,65	-22,334
1531,7	-22,348
1531,75	-22,393
1531,8	-22,377
1531,85	-22,628
1531,9	-22,346
1531,95	-22,323
1532	-22,402
1532,05	-22,238
1532,1	-22,53
1532,15	-22,158
1532,2	-22,188
1532,25	-22,465
1532,3	-22,19
1532,35	-22,279
1532,4	-22,17
1532,45	-22,168
1532,5	-22,282
1532,55	-22,312
1532,6	-22,103
1532,65	-22,168
1532,7	-22,211
1532,75	-22,208
1532,8	-22,247
1532,85	-22,267
1532,9	-22,183
1532,95	-22,412
1533	-22,037
1533,05	-22,262
1533,1	-22,165
1533,15	-22,265
1533,2	-22,255
1533,25	-22,017
1533,3	-22,088
1533,35	-22,431
1533,4	-22,039
1533,45	-22,179
1533,5	-22,21
1533,55	-22,105
1533,6	-22,121
1533,65	-21,858
1533,7	-22,316
1533,75	-22,316
1533,8	-22,316
1533,85	-22,316
1533,9	-22,226
1533,95	-22,083
1534	-22,122
1534,05	-22,34
1534,1	-22,056
1534,15	-22,079
1534,2	-22,088
1534,25	-22,135
1534,3	-21,989
1534,35	-22,068
1534,4	-21,998
1534,45	-22,359
1534,5	-21,986
1534,55	-22,113
1534,6	-22,021
1534,65	-22,06
1534,7	-22,039
1534,75	-22,009
1534,8	-21,924
1534,85	-22,183
1534,9	-21,966
1534,95	-21,99
1535	-21,913
1535,05	-22,025
1535,1	-21,972
1535,15	-21,949
1535,2	-21,809
1535,25	-22,086
1535,3	-21,954
1535,35	-21,934
1535,4	-22,016
1535,45	-21,91
1535,5	-21,977
1535,55	-21,932
1535,6	-21,668
1535,65	-22,014
1535,7	-21,956
1535,75	-22,046
1535,8	-21,866
1535,85	-21,84
1535,9	-22,069
1535,95	-22,052
1536	-21,877
1536,05	-21,951
1536,1	-21,945
1536,15	-21,891
1536,2	-21,909
1536,25	-21,783
1536,3	-21,826
1536,35	-21,844
1536,4	-21,859
1536,45	-21,923
1536,5	-21,925
1536,55	-21,903
1536,6	-21,85
1536,65	-21,83
1536,7	-21,706
1536,75	-21,82
1536,8	-21,827
1536,85	-21,829
1536,9	-21,778
1536,95	-21,776
1537	-21,822
1537,05	-22,104
1537,1	-21,822
1537,15	-21,726
1537,2	-21,766
1537,25	-21,737
1537,3	-21,816
1537,35	-21,91
1537,4	-21,618
1537,45	-21,914
1537,5	-21,814
1537,55	-21,796
1537,6	-21,731
1537,65	-21,746
1537,7	-21,816
1537,75	-21,795
1537,8	-21,642
1537,85	-21,96
1537,9	-21,874
1537,95	-21,797
1538	-21,702
1538,05	-21,741
1538,1	-21,688
1538,15	-21,709
1538,2	-21,63
1538,25	-21,739
1538,3	-21,741
1538,35	-21,747
1538,4	-21,793
1538,45	-21,701
1538,5	-21,746
1538,55	-21,761
1538,6	-22,027
1538,65	-21,655
1538,7	-21,555
1538,75	-21,631
1538,8	-21,613
1538,85	-21,868
1538,9	-21,645
1538,95	-21,696
1539	-21,682
1539,05	-21,686
1539,1	-21,57
1539,15	-21,605
1539,2	-21,614
1539,25	-21,708
1539,3	-21,697
1539,35	-21,35
1539,4	-21,672
1539,45	-21,68
1539,5	-21,655
1539,55	-21,665
1539,6	-21,495
1539,65	-21,64
1539,7	-21,641
1539,75	-21,566
1539,8	-21,687
1539,85	-21,621
1539,9	-21,609
1539,95	-21,552
1540	-21,594
1540,05	-21,576
1540,1	-21,659
1540,15	-21,673
1540,2	-21,71
1540,25	-21,621
1540,3	-21,538
1540,35	-21,691
1540,4	-21,759
1540,45	-21,55
1540,5	-21,437
1540,55	-21,587
1540,6	-21,619
1540,65	-21,582
1540,7	-21,59
1540,75	-21,481
1540,8	-21,65
1540,85	-21,462
1540,9	-21,511
1540,95	-21,614
1541	-21,486
1541,05	-21,413
1541,1	-21,186
1541,15	-21,439
1541,2	-21,615
1541,25	-21,522
1541,3	-21,48
1541,35	-21,519
1541,4	-21,437
1541,45	-21,542
1541,5	-21,515
1541,55	-21,401
1541,6	-21,445
1541,65	-21,542
1541,7	-21,582
1541,75	-21,502
1541,8	-21,509
1541,85	-21,427
1541,9	-21,472
1541,95	-21,333
1542	-21,327
1542,05	-21,429
1542,1	-21,387
1542,15	-21,523
1542,2	-21,534
1542,25	-21,44
1542,3	-21,459
1542,35	-21,342
1542,4	-21,415
1542,45	-21,404
1542,5	-21,469
1542,55	-21,492
1542,6	-21,38
1542,65	-21,298
1542,7	-21,535
1542,75	-21,572
1542,8	-21,373
1542,85	-21,376
1542,9	-21,333
1542,95	-21,42
1543	-21,394
1543,05	-21,112
1543,1	-21,392
1543,15	-21,365
1543,2	-21,428
1543,25	-21,261
1543,3	-21,359
1543,35	-21,394
1543,4	-21,462
1543,45	-21,395
1543,5	-21,254
1543,55	-21,283
1543,6	-21,364
1543,65	-21,419
1543,7	-21,293
1543,75	-21,372
1543,8	-21,38
1543,85	-21,325
1543,9	-21,234
1543,95	-21,343
1544	-21,29
1544,05	-21,33
1544,1	-21,405
1544,15	-21,261
1544,2	-21,35
1544,25	-21,339
1544,3	-21,254
1544,35	-21,316
1544,4	-21,291
1544,45	-21,198
1544,5	-21,163
1544,55	-21,252
1544,6	-21,3
1544,65	-21,294
1544,7	-21,191
1544,75	-21,361
1544,8	-21,393
1544,85	-21,201
1544,9	-21,214
1544,95	-21,226
1545	-21,32
1545,05	-21,275
1545,1	-21,239
1545,15	-21,386
1545,2	-21,4
1545,25	-21,071
1545,3	-21,019
1545,35	-21,225
1545,4	-21,321
1545,45	-21,289
1545,5	-21,253
1545,55	-21,2
1545,6	-21,374
1545,65	-21,133
1545,7	-21,288
1545,75	-21,214
1545,8	-21,059
1545,85	-21,227
1545,9	-21,25
1545,95	-21,198
1546	-21,231
1546,05	-21
1546,1	-21,191
1546,15	-21,232
1546,2	-21,179
1546,25	-21,036
1546,3	-21,005
1546,35	-21,324
1546,4	-21,237
1546,45	-21,141
1546,5	-21,137
1546,55	-21,178
1546,6	-21,326
1546,65	-21,233
1546,7	-21,108
1546,75	-21,106
1546,8	-20,979
1546,85	-21,078
1546,9	-21,156
1546,95	-21,052
1547	-21,121
1547,05	-21,215
1547,1	-21,377
1547,15	-21,065
1547,2	-21,092
1547,25	-21,304
1547,3	-21,306
1547,35	-21,076
1547,4	-21,08
1547,45	-20,994
1547,5	-21,267
1547,55	-21,234
1547,6	-21,159
1547,65	-21,111
1547,7	-21,169
1547,75	-21,066
1547,8	-21,036
1547,85	-20,908
1547,9	-21,212
1547,95	-21,181
1548	-21,042
1548,05	-21,016
1548,1	-21,134
1548,15	-21,158
1548,2	-21,148
1548,25	-20,955
1548,3	-21,036
1548,35	-21,08
1548,4	-21,134
1548,45	-21,04
1548,5	-21,216
1548,55	-21,164
1548,6	-21,175
1548,65	-21,104
1548,7	-21,226
1548,75	-21,125
1548,8	-21,1
1548,85	-21,049
1548,9	-21,205
1548,95	-21,145
1549	-20,886
1549,05	-21,245
1549,1	-21,159
1549,15	-21,094
1549,2	-21,016
1549,25	-21,194
1549,3	-21,078
1549,35	-21,077
1549,4	-21,013
1549,45	-21,228
1549,5	-21,175
1549,55	-21,1
1549,6	-20,993
1549,65	-21,217
1549,7	-21,166
1549,75	-21,127
1549,8	-21,149
1549,85	-21,16
1549,9	-21,055
1549,95	-21,064
1550	-21,09
1550,05	-21,119
1550,1	-21,067
1550,15	-21,066
1550,2	-21,114
1550,25	-21,091
1550,3	-21,143
1550,35	-20,995
1550,4	-21,273
1550,45	-21,076
1550,5	-21,111
1550,55	-21,128
1550,6	-21,121
1550,65	-20,964
1550,7	-21,083
1550,75	-21,048
1550,8	-21,163
1550,85	-21,138
1550,9	-21,158
1550,95	-21,166
1551	-21,148
1551,05	-21,206
1551,1	-21,097
1551,15	-21,128
1551,2	-21,116
1551,25	-21,112
1551,3	-21,004
1551,35	-21,175
1551,4	-21,083
1551,45	-21,063
1551,5	-20,993
1551,55	-21,085
1551,6	-21,097
1551,65	-21,192
1551,7	-20,923
1551,75	-21,114
1551,8	-21,113
1551,85	-21,203
1551,9	-21,038
1551,95	-21,246
1552	-21,112
1552,05	-21,145
1552,1	-21,011
1552,15	-21,127
1552,2	-21,128
1552,25	-21,025
1552,3	-21,059
1552,35	-21,079
1552,4	-21,235
1552,45	-21,202
1552,5	-21,041
1552,55	-21,143
1552,6	-21,216
1552,65	-21,009
1552,7	-21,021
1552,75	-21,118
1552,8	-21,206
1552,85	-21,088
1552,9	-21,099
1552,95	-21,089
1553	-21,232
1553,05	-20,955
1553,1	-21,096
1553,15	-21,186
1553,2	-21,239
1553,25	-20,986
1553,3	-21,202
1553,35	-21,257
1553,4	-21,156
1553,45	-21,112
1553,5	-21,167
1553,55	-21,191
1553,6	-21,118
1553,65	-21,211
1553,7	-21,273
1553,75	-21,218
1553,8	-21,188
1553,85	-21,191
1553,9	-21,237
1553,95	-21,322
1554	-21,142
1554,05	-21,225
1554,1	-21,262
1554,15	-21,159
1554,2	-21,116
1554,25	-21,213
1554,3	-21,305
1554,35	-21,172
1554,4	-21,112
1554,45	-21,206
1554,5	-21,236
1554,55	-21,144
1554,6	-21,08
1554,65	-21,215
1554,7	-21,256
1554,75	-21,117
1554,8	-21,075
1554,85	-21,221
1554,9	-21,282
1554,95	-21,222
1555	-21,153
1555,05	-21,201
1555,1	-21,289
1555,15	-21,297
1555,2	-21,272
1555,25	-21,18
1555,3	-21,205
1555,35	-21,27
1555,4	-21,262
1555,45	-21,202
1555,5	-21,227
1555,55	-21,213
1555,6	-21,264
1555,65	-21,266
1555,7	-21,407
1555,75	-21,245
1555,8	-21,296
1555,85	-21,354
1555,9	-21,264
1555,95	-21,325
1556	-21,357
1556,05	-21,311
1556,1	-21,313
1556,15	-21,405
1556,2	-21,342
1556,25	-21,204
1556,3	-21,313
1556,35	-21,367
1556,4	-21,412
1556,45	-21,151
1556,5	-21,434
1556,55	-21,398
1556,6	-21,388
1556,65	-21,175
1556,7	-21,455
1556,75	-21,434
1556,8	-21,348
1556,85	-21,221
1556,9	-21,436
1556,95	-21,398
1557	-21,359
1557,05	-21,342
1557,1	-21,355
1557,15	-21,372
1557,2	-21,409
1557,25	-21,507
1557,3	-21,23
1557,35	-21,228
1557,4	-21,461
1557,45	-21,528
1557,5	-21,327
1557,55	-21,33
1557,6	-21,344
1557,65	-21,435
1557,7	-21,455
1557,75	-21,407
1557,8	-21,551
1557,85	-21,413
1557,9	-21,437
1557,95	-21,441
1558	-21,398
1558,05	-21,544
1558,1	-21,562
1558,15	-21,546
1558,2	-21,39
1558,25	-21,459
1558,3	-21,432
1558,35	-21,495
1558,4	-21,433
1558,45	-21,506
1558,5	-21,503
1558,55	-21,308
1558,6	-21,333
1558,65	-21,501
1558,7	-21,644
1558,75	-21,614
1558,8	-21,378
1558,85	-21,539
1558,9	-21,528
1558,95	-21,453
1559	-21,528
1559,05	-21,493
1559,1	-21,521
1559,15	-21,379
1559,2	-21,528
1559,25	-21,628
1559,3	-21,522
1559,35	-21,525
1559,4	-21,597
1559,45	-21,542
1559,5	-21,465
1559,55	-21,423
1559,6	-21,623
1559,65	-21,662
1559,7	-21,496
1559,75	-21,562
1559,8	-21,711
1559,85	-21,654
1559,9	-21,263
1559,95	-21,638
1560	-21,626
1560,05	-21,574
1560,1	-21,435
1560,15	-21,535
1560,2	-21,715
1560,25	-21,59
1560,3	-21,527
1560,35	-21,646
1560,4	-21,664
1560,45	-21,749
1560,5	-21,618
1560,55	-21,596
1560,6	-21,779
1560,65	-21,688
1560,7	-21,807
1560,75	-21,728
1560,8	-21,736
1560,85	-21,716
1560,9	-21,723
1560,95	-21,675
1561	-21,768
1561,05	-21,618
1561,1	-21,58
1561,15	-21,728
1561,2	-21,681
1561,25	-21,776
1561,3	-21,83
1561,35	-21,743
1561,4	-21,781
1561,45	-21,723
1561,5	-21,7
1561,55	-21,665
1561,6	-21,649
1561,65	-21,751
1561,7	-21,664
1561,75	-21,832
1561,8	-21,769
1561,85	-21,756
1561,9	-21,703
1561,95	-21,805
1562	-21,604
1562,05	-21,697
1562,1	-21,72
1562,15	-21,787
1562,2	-21,628
1562,25	-21,717
1562,3	-21,764
1562,35	-21,811
1562,4	-21,653
1562,45	-21,931
1562,5	-21,898
1562,55	-21,626
1562,6	-21,705
1562,65	-22,08
1562,7	-21,895
1562,75	-21,899
1562,8	-21,941
1562,85	-21,941
1562,9	-21,921
1562,95	-21,943
1563	-21,946
1563,05	-21,866
1563,1	-21,884
1563,15	-21,972
1563,2	-21,843
1563,25	-21,868
1563,3	-21,829
1563,35	-21,848
1563,4	-21,723
1563,45	-21,917
1563,5	-21,969
1563,55	-21,964
1563,6	-21,857
1563,65	-21,924
1563,7	-22,054
1563,75	-22,013
1563,8	-21,99
1563,85	-22,017
1563,9	-21,969
1563,95	-21,968
1564	-21,994
1564,05	-22,04
1564,1	-21,925
1564,15	-21,931
1564,2	-22,025
1564,25	-21,995
1564,3	-22,057
1564,35	-21,97
1564,4	-22,026
1564,45	-22,053
1564,5	-22,034
1564,55	-21,865
1564,6	-22,036
1564,65	-22,017
1564,7	-22,173
1564,75	-22,014
1564,8	-22,028
1564,85	-22,089
1564,9	-22,048
1564,95	-21,88
1565	-22,102
1565,05	-22,098
1565,1	-22,159
1565,15	-22,055
1565,2	-22,057
1565,25	-22,245
1565,3	-22,195
1565,35	-21,967
1565,4	-22,129
1565,45	-22,152
1565,5	-22,061
1565,55	-22,049
1565,6	-22,121
1565,65	-22,078
1565,7	-22,088
1565,75	-22,197
1565,8	-22,188
1565,85	-22,178
1565,9	-22,171
1565,95	-22,148
1566	-21,972
1566,05	-21,976
1566,1	-22,375
1566,15	-22,08
1566,2	-22,084
1566,25	-22,237
1566,3	-22,202
1566,35	-22,153
1566,4	-22,078
1566,45	-22,312
1566,5	-22,265
1566,55	-22,177
1566,6	-22,111
1566,65	-22,258
1566,7	-22,229
1566,75	-22,22
1566,8	-22,217
1566,85	-22,238
1566,9	-22,215
1566,95	-22,224
1567	-22,304
1567,05	-22,304
1567,1	-22,256
1567,15	-22,281
1567,2	-22,295
1567,25	-22,241
1567,3	-22,318
1567,35	-22,282
1567,4	-22,31
1567,45	-22,317
1567,5	-22,256
1567,55	-22,471
1567,6	-22,522
1567,65	-22,162
1567,7	-22,343
1567,75	-22,361
1567,8	-22,475
1567,85	-22,464
1567,9	-22,381
1567,95	-22,364
1568	-22,552
1568,05	-22,297
1568,1	-22,344
1568,15	-22,499
1568,2	-22,491
1568,25	-22,439
1568,3	-22,351
1568,35	-22,751
1568,4	-22,391
1568,45	-22,412
1568,5	-22,458
1568,55	-22,531
1568,6	-22,461
1568,65	-22,431
1568,7	-22,439
1568,75	-22,609
1568,8	-22,56
1568,85	-22,531
1568,9	-22,541
1568,95	-22,497
1569	-22,467
1569,05	-22,512
1569,1	-22,694
1569,15	-22,454
1569,2	-22,448
1569,25	-22,503
1569,3	-22,558
1569,35	-22,484
1569,4	-22,531
1569,45	-22,585
1569,5	-22,897
1569,55	-22,44
1569,6	-22,438
1569,65	-22,645
1569,7	-22,654
1569,75	-22,641
1569,8	-22,645
1569,85	-22,701
1569,9	-22,786
1569,95	-22,627
1570	-22,626
1570,05	-22,718
1570,1	-22,743
1570,15	-22,632
1570,2	-22,597
1570,25	-22,618
1570,3	-22,599
1570,35	-22,767
1570,4	-22,546
1570,45	-22,731
1570,5	-22,757
1570,55	-22,827
1570,6	-22,72
1570,65	-22,745
1570,7	-22,909
1570,75	-22,865
1570,8	-22,697
1570,85	-22,755
1570,9	-22,752
1570,95	-22,777
1571	-22,908
1571,05	-22,916
1571,1	-22,89
1571,15	-22,96
1571,2	-22,828
1571,25	-22,798
1571,3	-22,868
1571,35	-22,858
1571,4	-22,803
1571,45	-22,751
1571,5	-23,031
1571,55	-22,718
1571,6	-22,849
1571,65	-22,846
1571,7	-22,902
1571,75	-22,944
1571,8	-22,898
1571,85	-23,034
1571,9	-23,053
1571,95	-22,791
1572	-22,928
1572,05	-22,925
1572,1	-23,022
1572,15	-22,929
1572,2	-22,873
1572,25	-23,279
1572,3	-23,069
1572,35	-22,828
1572,4	-23,029
1572,45	-23,014
1572,5	-23,002
1572,55	-22,942
1572,6	-23,09
1572,65	-23,124
1572,7	-22,887
1572,75	-22,997
1572,8	-23,009
1572,85	-23,09
1572,9	-23,039
1572,95	-22,827
1573	-22,905
1573,05	-23,235
1573,1	-22,882
1573,15	-23,129
1573,2	-23,104
1573,25	-23,131
1573,3	-23,065
1573,35	-22,955
1573,4	-23,046
1573,45	-23,191
1573,5	-23,038
1573,55	-23,198
1573,6	-23,139
1573,65	-23,175
1573,7	-23,202
1573,75	-22,984
1573,8	-23,28
1573,85	-23,068
1573,9	-23,087
1573,95	-23,237
1574	-23,303
1574,05	-23,189
1574,1	-23,128
1574,15	-23,144
1574,2	-23,404
1574,25	-23,254
1574,3	-23,366
1574,35	-23,278
1574,4	-23,281
1574,45	-23,426
1574,5	-23,276
1574,55	-23,381
1574,6	-23,5
1574,65	-23,308
1574,7	-23,428
1574,75	-23,384
1574,8	-23,325
1574,85	-23,314
1574,9	-23,289
1574,95	-23,515