1485	-25,188
1485,05	-25,59
1485,1	-25,132
1485,15	-25,074
1485,2	-25,391
1485,25	-25,264
1485,3	-25,147
1485,35	-25,421
1485,4	-25,607
1485,45	-25,532
1485,5	-25,46
1485,55	-25,595
1485,6	-25,584
1485,65	-25,239
1485,7	-25,478
1485,75	-25,231
1485,8	-25,327
1485,85	-25,725
1485,9	-25,073
1485,95	-25,419
1486	-25,289
1486,05	-25,148
1486,1	-25,269
1486,15	-25,402
1486,2	-25,052
1486,25	-25,31
1486,3	-25,29
1486,35	-25,081
1486,4	-25,242
1486,45	-25,152
1486,5	-25,515
1486,55	-25,119
1486,6	-25,069
1486,65	-25,42
1486,7	-24,999
1486,75	-25,31
1486,8	-24,997
1486,85	-25,382
1486,9	-25,572
1486,95	-25,094
1487	-25,317
1487,05	-25,127
1487,1	-25,322
1487,15	-25,289
1487,2	-24,935
1487,25	-25,497
1487,3	-25,458
1487,35	-25,042
1487,4	-25,312
1487,45	-25,251
1487,5	-25,23
1487,55	-25,024
1487,6	-25,085
1487,65	-25,332
1487,7	-24,973
1487,75	-25,115
1487,8	-25,093
1487,85	-25,133
1487,9	-25,171
1487,95	-25,036
1488	-24,901
1488,05	-25,088
1488,1	-24,956
1488,15	-25,181
1488,2	-25,182
1488,25	-24,972
1488,3	-24,935
1488,35	-25,051
1488,4	-24,829
1488,45	-25,103
1488,5	-24,852
1488,55	-24,884
1488,6	-25,115
1488,65	-24,887
1488,7	-24,807
1488,75	-24,957
1488,8	-25,1
1488,85	-24,885
1488,9	-25,022
1488,95	-24,85
1489	-24,915
1489,05	-25,225
1489,1	-24,648
1489,15	-25,024
1489,2	-24,919
1489,25	-24,841
1489,3	-25,051
1489,35	-24,701
1489,4	-25,171
1489,45	-25,121
1489,5	-24,745
1489,55	-25,082
1489,6	-24,907
1489,65	-25,041
1489,7	-25,178
1489,75	-24,435
1489,8	-25,029
1489,85	-24,869
1489,9	-24,831
1489,95	-24,8
1490	-24,639
1490,05	-24,96
1490,1	-24,744
1490,15	-24,661
1490,2	-24,764
1490,25	-24,787
1490,3	-24,643
1490,35	-24,919
1490,4	-24,912
1490,45	-24,932
1490,5	-24,991
1490,55	-24,776
1490,6	-24,902
1490,65	-24,99
1490,7	-24,847
1490,75	-24,534
1490,8	-24,907
1490,85	-24,925
1490,9	-24,924
1490,95	-24,795
1491	-24,792
1491,05	-24,905
1491,1	-25,009
1491,15	-24,414
1491,2	-24,89
1491,25	-24,74
1491,3	-24,687
1491,35	-24,812
1491,4	-24,488
1491,45	-24,746
1491,5	-24,831
1491,55	-24,471
1491,6	-24,57
1491,65	-24,759
1491,7	-24,534
1491,75	-24,65
1491,8	-24,534
1491,85	-24,641
1491,9	-24,57
1491,95	-24,455
1492	-24,446
1492,05	-24,547
1492,1	-24,547
1492,15	-24,547
1492,2	-24,852
1492,25	-24,789
1492,3	-24,833
1492,35	-24,741
1492,4	-24,663
1492,45	-24,646
1492,5	-24,545
1492,55	-24,71
1492,6	-24,734
1492,65	-24,62
1492,7	-24,642
1492,75	-24,583
1492,8	-24,615
1492,85	-24,555
1492,9	-24,413
1492,95	-24,54
1493	-24,6
1493,05	-24,557
1493,1	-24,553
1493,15	-24,622
1493,2	-24,712
1493,25	-24,829
1493,3	-24,646
1493,35	-24,548
1493,4	-24,39
1493,45	-24,46
1493,5	-24,37
1493,55	-24,545
1493,6	-24,606
1493,65	-24,324
1493,7	-24,636
1493,75	-24,635
1493,8	-24,303
1493,85	-24,597
1493,9	-24,257
1493,95	-24,234
1494	-24,789
1494,05	-24,548
1494,1	-24,514
1494,15	-24,481
1494,2	-24,534
1494,25	-24,639
1494,3	-24,625
1494,35	-24,179
1494,4	-24,496
1494,45	-24,432
1494,5	-24,429
1494,55	-24,415
1494,6	-24,187
1494,65	-24,661
1494,7	-24,632
1494,75	-24,342
1494,8	-24,519
1494,85	-24,529
1494,9	-24,33
1494,95	-24,401
1495	-24,292
1495,05	-24,674
1495,1	-24,163
1495,15	-24,307
1495,2	-24,316
1495,25	-24,207
1495,3	-24,501
1495,35	-24,035
1495,4	-24,247
1495,45	-24,436
1495,5	-24,192
1495,55	-24,223
1495,6	-24,274
1495,65	-24,224
1495,7	-24,275
1495,75	-24,249
1495,8	-24,272
1495,85	-24,369
1495,9	-24,341
1495,95	-24,209
1496	-24,393
1496,05	-24,142
1496,1	-24,159
1496,15	-24,279
1496,2	-24,135
1496,25	-24,362
1496,3	-24,173
1496,35	-24,153
1496,4	-24,444
1496,45	-24,374
1496,5	-24,269
1496,55	-24,506
1496,6	-24,166
1496,65	-24,285
1496,7	-24,542
1496,75	-24,306
1496,8	-24,36
1496,85	-24,251
1496,9	-24,212
1496,95	-24,365
1497	-24,224
1497,05	-24,24
1497,1	-24,27
1497,15	-24,312
1497,2	-24,217
1497,25	-24,349
1497,3	-24,131
1497,35	-24,1
1497,4	-24,291
1497,45	-24,3
1497,5	-24,269
1497,55	-24,297
1497,6	-24,391
1497,65	-24,362
1497,7	-24,183
1497,75	-24,12
1497,8	-24,458
1497,85	-24,071
1497,9	-24,001
1497,95	-24,01
1498	-24,369
1498,05	-23,974
1498,1	-24,142
1498,15	-23,957
1498,2	-23,951
1498,25	-24,233
1498,3	-23,94
1498,35	-24,128
1498,4	-24,188
1498,45	-24,051
1498,5	-24,272
1498,55	-24,226
1498,6	-24,25
1498,65	-24,233
1498,7	-24,15
1498,75	-24,247
1498,8	-24,235
1498,85	-24,072
1498,9	-24,159
1498,95	-24,271
1499	-24,157
1499,05	-24,311
1499,1	-24,015
1499,15	-24,146
1499,2	-24,237
1499,25	-24,027
1499,3	-24,098
1499,35	-24,136
1499,4	-24,103
1499,45	-24,334
1499,5	-24,105
1499,55	-24,109
1499,6	-24,424
1499,65	-24,173
1499,7	-24,125
1499,75	-24,063
1499,8	-24,072
1499,85	-24,149
1499,9	-24,087
1499,95	-24,282
1500	-23,987
1500,05	-24,015
1500,1	-24,017
1500,15	-23,966
1500,2	-24,207
1500,25	-23,804
1500,3	-24,102
1500,35	-24,264
1500,4	-24,019
1500,45	-24,018
1500,5	-24,041
1500,55	-23,846
1500,6	-24,085
1500,65	-24,12
1500,7	-23,925
1500,75	-24,062
1500,8	-23,842
1500,85	-23,827
1500,9	-23,946
1500,95	-23,831
1501	-24,075
1501,05	-23,937
1501,1	-23,906
1501,15	-23,906
1501,2	-24,288
1501,25	-24,085
1501,3	-24,087
1501,35	-24,182
1501,4	-23,948
1501,45	-24,035
1501,5	-23,932
1501,55	-23,872
1501,6	-24,023
1501,65	-23,777
1501,7	-24,006
1501,75	-23,759
1501,8	-23,882
1501,85	-23,949
1501,9	-23,77
1501,95	-23,984
1502	-23,846
1502,05	-23,932
1502,1	-23,957
1502,15	-24,105
1502,2	-23,861
1502,25	-23,832
1502,3	-23,814
1502,35	-23,728
1502,4	-23,918
1502,45	-23,715
1502,5	-23,718
1502,55	-23,974
1502,6	-23,86
1502,65	-24,046
1502,7	-23,843
1502,75	-23,885
1502,8	-23,826
1502,85	-23,995
1502,9	-24,076
1502,95	-24,041
1503	-24,027
1503,05	-23,938
1503,1	-24,031
1503,15	-24,174
1503,2	-23,75
1503,25	-23,913
1503,3	-23,828
1503,35	-23,93
1503,4	-23,859
1503,45	-23,948
1503,5	-24,067
1503,55	-23,871
1503,6	-23,89
1503,65	-23,811
1503,7	-23,942
1503,75	-23,83
1503,8	-23,919
1503,85	-23,754
1503,9	-23,993
1503,95	-23,997
1504	-23,771
1504,05	-23,888
1504,1	-23,833
1504,15	-23,643
1504,2	-23,823
1504,25	-23,761
1504,3	-23,883
1504,35	-23,808
1504,4	-23,758
1504,45	-23,971
1504,5	-23,824
1504,55	-23,882
1504,6	-23,859
1504,65	-23,902
1504,7	-23,932
1504,75	-23,974
1504,8	-23,98
1504,85	-23,928
1504,9	-23,953
1504,95	-23,987
1505	-23,745
1505,05	-23,759
1505,1	-23,786
1505,15	-23,717
1505,2	-23,806
1505,25	-23,48
1505,3	-23,696
1505,35	-23,849
1505,4	-23,654
1505,45	-23,791
1505,5	-23,84
1505,55	-23,714
1505,6	-23,82
1505,65	-23,534
1505,7	-23,806
1505,75	-23,78
1505,8	-23,83
1505,85	-23,736
1505,9	-23,532
1505,95	-23,746
1506	-23,559
1506,05	-23,544
1506,1	-23,603
1506,15	-23,694
1506,2	-23,673
1506,25	-23,702
1506,3	-23,622
1506,35	-23,799
1506,4	-23,532
1506,45	-23,678
1506,5	-23,808
1506,55	-23,666
1506,6	-23,76
1506,65	-23,771
1506,7	-23,602
1506,75	-23,647
1506,8	-23,518
1506,85	-23,785
1506,9	-23,653
1506,95	-23,593
1507	-23,5
1507,05	-23,681
1507,1	-23,603
1507,15	-23,595
1507,2	-23,68
1507,25	-23,595
1507,3	-23,46
1507,35	-23,684
1507,4	-23,568
1507,45	-23,711
1507,5	-23,593
1507,55	-23,477
1507,6	-23,758
1507,65	-23,598
1507,7	-23,555
1507,75	-23,436
1507,8	-23,479
1507,85	-23,614
1507,9	-23,618
1507,95	-23,476
1508	-23,667
1508,05	-23,582
1508,1	-23,495
1508,15	-23,643
1508,2	-23,572
1508,25	-23,663
1508,3	-23,628
1508,35	-23,516
1508,4	-23,566
1508,45	-23,665
1508,5	-23,607
1508,55	-23,582
1508,6	-23,541
1508,65	-23,474
1508,7	-23,538
1508,75	-23,431
1508,8	-23,424
1508,85	-23,398
1508,9	-23,43
1508,95	-23,506
1509	-23,46
1509,05	-23,547
1509,1	-23,525
1509,15	-23,597
1509,2	-23,582
1509,25	-23,534
1509,3	-23,578
1509,35	-23,709
1509,4	-23,557
1509,45	-23,302
1509,5	-23,514
1509,55	-23,422
1509,6	-23,58
1509,65	-23,477
1509,7	-23,442
1509,75	-23,428
1509,8	-23,452
1509,85	-23,38
1509,9	-23,409
1509,95	-23,569
1510	-23,536
1510,05	-23,574
1510,1	-23,369
1510,15	-23,633
1510,2	-23,546
1510,25	-23,499
1510,3	-23,495
1510,35	-23,566
1510,4	-23,561
1510,45	-23,561
1510,5	-23,37
1510,55	-23,505
1510,6	-23,441
1510,65	-23,48
1510,7	-23,407
1510,75	-23,355
1510,8	-23,623
1510,85	-23,505
1510,9	-23,306
1510,95	-23,635
1511	-23,503
1511,05	-23,473
1511,1	-23,376
1511,15	-23,4
1511,2	-23,643
1511,25	-23,427
1511,3	-23,392
1511,35	-23,423
1511,4	-23,521
1511,45	-23,29
1511,5	-23,309
1511,55	-23,354
1511,6	-23,406
1511,65	-23,387
1511,7	-22,872
1511,75	-23,427
1511,8	-23,545
1511,85	-23,43
1511,9	-23,497
1511,95	-23,575
1512	-23,515
1512,05	-23,524
1512,1	-23,538
1512,15	-23,546
1512,2	-23,385
1512,25	-23,37
1512,3	-23,389
1512,35	-23,405
1512,4	-23,371
1512,45	-23,414
1512,5	-23,382
1512,55	-23,382
1512,6	-23,292
1512,65	-23,215
1512,7	-23,483
1512,75	-23,422
1512,8	-23,4
1512,85	-23,386
1512,9	-23,36
1512,95	-23,33
1513	-23,273
1513,05	-23,317
1513,1	-23,305
1513,15	-23,399
1513,2	-23,27
1513,25	-23,39
1513,3	-23,226
1513,35	-23,349
1513,4	-23,195
1513,45	-23,404
1513,5	-23,447
1513,55	-23,566
1513,6	-23,468
1513,65	-23,296
1513,7	-23,392
1513,75	-23,396
1513,8	-23,26
1513,85	-23,437
1513,9	-23,411
1513,95	-23,43
1514	-23,29
1514,05	-23,273
1514,1	-23,41
1514,15	-23,086
1514,2	-23,111
1514,25	-23,18
1514,3	-23,394
1514,35	-23,27
1514,4	-23,205
1514,45	-23,199
1514,5	-23,587
1514,55	-23,312
1514,6	-23,322
1514,65	-23,232
1514,7	-23,284
1514,75	-23,384
1514,8	-23,048
1514,85	-23,293
1514,9	-23,271
1514,95	-23,181
1515	-23,177
1515,05	-23,27
1515,1	-23,202
1515,15	-23,285
1515,2	-23,08
1515,25	-23,204
1515,3	-23,309
1515,35	-23,297
1515,4	-23,235
1515,45	-23,307
1515,5	-23,361
1515,55	-23,129
1515,6	-23,37
1515,65	-23,269
1515,7	-23,181
1515,75	-23,263
1515,8	-23,085
1515,85	-23,124
1515,9	-23,287
1515,95	-22,994
1516	-23,143
1516,05	-23,287
1516,1	-23,301
1516,15	-23,167
1516,2	-23,208
1516,25	-23,293
1516,3	-23,288
1516,35	-23,185
1516,4	-23,311
1516,45	-23,223
1516,5	-23,279
1516,55	-23,19
1516,6	-23,038
1516,65	-23,435
1516,7	-23,01
1516,75	-23,033
1516,8	-23,101
1516,85	-23,213
1516,9	-23,122
1516,95	-23,096
1517	-23,198
1517,05	-23,034
1517,1	-23,159
1517,15	-23,167
1517,2	-23,181
1517,25	-23,219
1517,3	-23,233
1517,35	-23,203
1517,4	-23,033
1517,45	-23,205
1517,5	-23,109
1517,55	-23,132
1517,6	-23,131
1517,65	-23,175
1517,7	-23,168
1517,75	-22,803
1517,8	-23,133
1517,85	-23,084
1517,9	-23,048
1517,95	-22,983
1518	-23,092
1518,05	-23,068
1518,1	-23,104
1518,15	-23,137
1518,2	-23,234
1518,25	-23,234
1518,3	-23,238
1518,35	-23,209
1518,4	-23,163
1518,45	-23,028
1518,5	-23,068
1518,55	-23,204
1518,6	-23,135
1518,65	-23,041
1518,7	-23,128
1518,75	-23,184
1518,8	-23,205
1518,85	-22,956
1518,9	-23,151
1518,95	-23,003
1519	-23,149
1519,05	-23,026
1519,1	-22,792
1519,15	-23,201
1519,2	-23,036
1519,25	-22,948
1519,3	-23,019
1519,35	-23,033
1519,4	-22,956
1519,45	-22,984
1519,5	-22,952
1519,55	-23,199
1519,6	-22,992
1519,65	-23,021
1519,7	-23,012
1519,75	-23,031
1519,8	-23,114
1519,85	-22,966
1519,9	-23,064
1519,95	-22,988
1520	-23,055
1520,05	-23,014
1520,1	-23,042
1520,15	-23,103
1520,2	-22,97
1520,25	-22,886
1520,3	-22,959
1520,35	-22,991
1520,4	-22,94
1520,45	-23,035
1520,5	-23,015
1520,55	-23,009
1520,6	-22,795
1520,65	-23,027
1520,7	-23,169
1520,75	-22,997
1520,8	-23,045
1520,85	-22,988
1520,9	-23,154
1520,95	-23,155
1521	-23,155
1521,05	-23,003
1521,1	-23,087
1521,15	-23,021
1521,2	-22,943
1521,25	-22,94
1521,3	-23,097
1521,35	-23,039
1521,4	-22,767
1521,45	-23,165
1521,5	-22,943
1521,55	-22,923
1521,6	-22,911
1521,65	-22,912
1521,7	-23,247
1521,75	-22,847
1521,8	-22,827
1521,85	-23,028
1521,9	-23,008
1521,95	-22,958
1522	-23,043
1522,05	-22,822
1522,1	-22,901
1522,15	-22,816
1522,2	-22,832
1522,25	-22,837
1522,3	-22,932
1522,35	-23,031
1522,4	-22,742
1522,45	-22,821
1522,5	-23,204
1522,55	-22,747
1522,6	-22,954
1522,65	-22,872
1522,7	-22,868
1522,75	-23,051
1522,8	-22,801
1522,85	-22,791
1522,9	-22,977
1522,95	-22,933
1523	-22,822
1523,05	-22,888
1523,1	-22,897
1523,15	-22,871
1523,2	-22,871
1523,25	-22,871
1523,3	-22,615
1523,35	-22,886
1523,4	-22,828
1523,45	-22,828
1523,5	-22,977
1523,55	-22,977
1523,6	-22,719
1523,65	-22,87
1523,7	-22,805
1523,75	-22,739
1523,8	-22,911
1523,85	-22,891
1523,9	-22,805
1523,95	-22,862
1524	-22,852
1524,05	-22,823
1524,1	-22,763
1524,15	-22,823
1524,2	-22,71
1524,25	-22,781
1524,3	-22,783
1524,35	-22,812
1524,4	-23,071
1524,45	-22,905
1524,5	-22,896
1524,55	-22,768
1524,6	-22,805
1524,65	-22,813
1524,7	-22,788
1524,75	-22,777
1524,8	-22,761
1524,85	-22,822
1524,9	-22,798
1524,95	-22,558
1525	-22,797
1525,05	-22,702
1525,1	-22,875
1525,15	-22,776
1525,2	-22,753
1525,25	-22,733
1525,3	-22,727
1525,35	-22,563
1525,4	-22,735
1525,45	-22,721
1525,5	-22,691
1525,55	-22,724
1525,6	-22,813
1525,65	-22,744
1525,7	-22,763
1525,75	-22,786
1525,8	-22,735
1525,85	-22,689
1525,9	-22,729
1525,95	-22,723
1526	-22,692
1526,05	-22,662
1526,1	-22,675
1526,15	-22,689
1526,2	-22,678
1526,25	-22,742
1526,3	-22,887
1526,35	-22,718
1526,4	-22,596
1526,45	-22,792
1526,5	-22,769
1526,55	-22,659
1526,6	-22,72
1526,65	-22,716
1526,7	-22,841
1526,75	-22,617
1526,8	-22,509
1526,85	-22,711
1526,9	-22,66
1526,95	-22,65
1527	-22,39
1527,05	-22,801
1527,1	-22,678
1527,15	-22,698
1527,2	-22,703
1527,25	-22,665
1527,3	-22,713
1527,35	-22,772
1527,4	-22,47
1527,45	-22,716
1527,5	-22,604
1527,55	-22,613
1527,6	-22,469
1527,65	-22,576
1527,7	-22,601
1527,75	-22,8
1527,8	-22,272
1527,85	-22,519
1527,9	-22,653
1527,95	-22,576
1528	-22,618
1528,05	-22,542
1528,1	-22,582
1528,15	-22,695
1528,2	-22,394
1528,25	-22,428
1528,3	-22,57
1528,35	-22,511
1528,4	-22,53
1528,45	-22,514
1528,5	-22,477
1528,55	-22,473
1528,6	-22,55
1528,65	-22,585
1528,7	-22,521
1528,75	-22,705
1528,8	-22,506
1528,85	-22,711
1528,9	-22,449
1528,95	-22,331
1529	-22,438
1529,05	-22,632
1529,1	-22,525
1529,15	-22,47
1529,2	-22,444
1529,25	-22,832
1529,3	-22,386
1529,35	-22,369
1529,4	-22,437
1529,45	-22,416
1529,5	-22,599
1529,55	-22,384
1529,6	-22,36
1529,65	-22,779
1529,7	-22,4
1529,75	-22,5
1529,8	-22,413
1529,85	-22,456
1529,9	-22,492
1529,95	-22,477
1530	-22,21
1530,05	-22,618
1530,1	-22,497
1530,15	-22,373
1530,2	-22,403
1530,25	-22,381
1530,3	-22,368
1530,35	-22,337
1530,4	-22,169
1530,45	-22,416
1530,5	-22,402
1530,55	-22,292
1530,6	-22,409
1530,65	-22,113
1530,7	-22,406
1530,75	-22,368
1530,8	-22,327
1530,85	-22,269
1530,9	-22,289
1530,95	-22,234
1531	-22,248
1531,05	-22,325
1531,1	-22,212
1531,15	-22,332
1531,2	-22,216
1531,25	-22,232
1531,3	-22,319
1531,35	-22,213
1531,4	-22,165
1531,45	-22,48
1531,5	-22,135
1531,55	-22,179
1531,6	-22,22
1531,65	-22,192
1531,7	-22,135
1531,75	-22,22
1531,8	-22,445
1531,85	-22,423
1531,9	-22,244
1531,95	-22,326
1532	-22,166
1532,05	-22,187
1532,1	-22,165
1532,15	-22,09
1532,2	-22,216
1532,25	-22,008
1532,3	-22,063
1532,35	-22,139
1532,4	-22,155
1532,45	-22,125
1532,5	-22,234
1532,55	-22,006
1532,6	-21,941
1532,65	-22,065
1532,7	-22,055
1532,75	-22,031
1532,8	-22,044
1532,85	-21,99
1532,9	-22,033
1532,95	-21,979
1533	-22,112
1533,05	-22,06
1533,1	-22,096
1533,15	-22,12
1533,2	-22,048
1533,25	-22,006
1533,3	-21,919
1533,35	-22,035
1533,4	-21,943
1533,45	-21,988
1533,5	-22,018
1533,55	-22,138
1533,6	-22,132
1533,65	-22,052
1533,7	-22,183
1533,75	-22,056
1533,8	-21,935
1533,85	-21,904
1533,9	-21,944
1533,95	-22,072
1534	-22,032
1534,05	-21,675
1534,1	-22,152
1534,15	-22,16
1534,2	-22,033
1534,25	-21,757
1534,3	-21,989
1534,35	-22,012
1534,4	-22,024
1534,45	-21,685
1534,5	-21,962
1534,55	-22,046
1534,6	-21,934
1534,65	-21,821
1534,7	-21,731
1534,75	-21,973
1534,8	-21,926
1534,85	-21,74
1534,9	-21,942
1534,95	-21,835
1535	-21,764
1535,05	-21,839
1535,1	-21,765
1535,15	-21,893
1535,2	-21,783
1535,25	-21,833
1535,3	-21,915
1535,35	-21,843
1535,4	-21,856
1535,45	-21,884
1535,5	-21,797
1535,55	-21,857
1535,6	-21,711
1535,65	-21,898
1535,7	-21,738
1535,75	-21,833
1535,8	-21,817
1535,85	-21,767
1535,9	-21,593
1535,95	-21,56
1536	-21,845
1536,05	-21,724
1536,1	-21,817
1536,15	-21,832
1536,2	-21,839
1536,25	-21,953
1536,3	-21,758
1536,35	-21,714
1536,4	-21,86
1536,45	-21,674
1536,5	-21,756
1536,55	-21,712
1536,6	-21,838
1536,65	-21,803
1536,7	-21,731
1536,75	-21,751
1536,8	-21,646
1536,85	-21,598
1536,9	-21,674
1536,95	-21,721
1537	-21,718
1537,05	-21,799
1537,1	-21,638
1537,15	-21,743
1537,2	-21,651
1537,25	-21,669
1537,3	-21,617
1537,35	-21,424
1537,4	-21,688
1537,45	-21,771
1537,5	-21,72
1537,55	-21,72
1537,6	-21,67
1537,65	-21,655
1537,7	-21,589
1537,75	-21,625
1537,8	-21,527
1537,85	-21,541
1537,9	-21,509
1537,95	-21,657
1538	-21,606
1538,05	-21,592
1538,1	-21,759
1538,15	-21,596
1538,2	-21,608
1538,25	-21,553
1538,3	-21,708
1538,35	-21,511
1538,4	-21,64
1538,45	-21,524
1538,5	-21,499
1538,55	-21,332
1538,6	-21,754
1538,65	-21,592
1538,7	-21,5
1538,75	-21,48
1538,8	-21,474
1538,85	-21,436
1538,9	-21,493
1538,95	-21,448
1539	-21,582
1539,05	-21,631
1539,1	-21,551
1539,15	-21,527
1539,2	-21,596
1539,25	-21,435
1539,3	-21,812
1539,35	-21,443
1539,4	-21,52
1539,45	-21,475
1539,5	-21,528
1539,55	-21,501
1539,6	-21,51
1539,65	-21,479
1539,7	-21,458
1539,75	-21,368
1539,8	-21,445
1539,85	-21,358
1539,9	-21,382
1539,95	-21,344
1540	-21,462
1540,05	-21,278
1540,1	-21,415
1540,15	-21,448
1540,2	-21,253
1540,25	-21,334
1540,3	-21,327
1540,35	-21,244
1540,4	-21,302
1540,45	-21,416
1540,5	-21,374
1540,55	-21,399
1540,6	-21,353
1540,65	-21,315
1540,7	-21,5
1540,75	-21,308
1540,8	-21,295
1540,85	-21,372
1540,9	-21,414
1540,95	-21,435
1541	-21,402
1541,05	-21,295
1541,1	-21,259
1541,15	-21,335
1541,2	-21,134
1541,25	-21,267
1541,3	-21,412
1541,35	-21,308
1541,4	-21,313
1541,45	-21,261
1541,5	-21,263
1541,55	-21,195
1541,6	-21,216
1541,65	-21,282
1541,7	-21,331
1541,75	-21,311
1541,8	-21,319
1541,85	-21,489
1541,9	-21,1
1541,95	-21,212
1542	-21,283
1542,05	-21,301
1542,1	-21,202
1542,15	-21,248
1542,2	-21,207
1542,25	-21,182
1542,3	-21,178
1542,35	-21,293
1542,4	-21,232
1542,45	-21,256
1542,5	-21,244
1542,55	-21,176
1542,6	-21,124
1542,65	-21,24
1542,7	-21,176
1542,75	-21,244
1542,8	-21,248
1542,85	-21,308
1542,9	-21,186
1542,95	-21,172
1543	-21,154
1543,05	-21,284
1543,1	-21,126
1543,15	-21,222
1543,2	-21,21
1543,25	-21,243
1543,3	-21,164
1543,35	-21,095
1543,4	-21,209
1543,45	-21,179
1543,5	-21,129
1543,55	-21,152
1543,6	-21,398
1543,65	-21,169
1543,7	-21,188
1543,75	-21,106
1543,8	-21,361
1543,85	-21,111
1543,9	-21,165
1543,95	-21,18
1544	-21,309
1544,05	-21,207
1544,1	-21,197
1544,15	-21,096
1544,2	-21,258
1544,25	-21,252
1544,3	-21,049
1544,35	-21,245
1544,4	-21,156
1544,45	-21,113
1544,5	-20,887
1544,55	-21,1
1544,6	-21,065
1544,65	-20,997
1544,7	-21,162
1544,75	-21,183
1544,8	-21,164
1544,85	-21,165
1544,9	-21,254
1544,95	-21,183
1545	-21,207
1545,05	-21,056
1545,1	-21,032
1545,15	-21,129
1545,2	-21,106
1545,25	-20,956
1545,3	-21,19
1545,35	-21,219
1545,4	-21,151
1545,45	-21,118
1545,5	-21,231
1545,55	-21,105
1545,6	-21,146
1545,65	-20,86
1545,7	-21,173
1545,75	-21,155
1545,8	-21,1
1545,85	-21,094
1545,9	-21,108
1545,95	-21,044
1546	-21,049
1546,05	-21,015
1546,1	-21,09
1546,15	-21,133
1546,2	-21,102
1546,25	-21,006
1546,3	-20,992
1546,35	-20,924
1546,4	-21,186
1546,45	-20,953
1546,5	-20,979
1546,55	-20,996
1546,6	-21,044
1546,65	-21,096
1546,7	-21,026
1546,75	-20,985
1546,8	-20,999
1546,85	-21,024
1546,9	-20,929
1546,95	-20,978
1547	-21,138
1547,05	-21,039
1547,1	-20,882
1547,15	-21,085
1547,2	-21,101
1547,25	-20,89
1547,3	-21,043
1547,35	-21,125
1547,4	-21,053
1547,45	-21,043
1547,5	-20,987
1547,55	-21,053
1547,6	-21,121
1547,65	-21,097
1547,7	-20,981
1547,75	-21,035
1547,8	-20,988
1547,85	-20,887
1547,9	-21,07
1547,95	-21,11
1548	-20,931
1548,05	-20,988
1548,1	-21,028
1548,15	-20,992
1548,2	-21,032
1548,25	-20,882
1548,3	-21,077
1548,35	-21,007
1548,4	-20,945
1548,45	-20,971
1548,5	-21,014
1548,55	-20,964
1548,6	-20,966
1548,65	-21,079
1548,7	-20,991
1548,75	-20,952
1548,8	-20,962
1548,85	-21,015
1548,9	-20,898
1548,95	-20,944
1549	-20,992
1549,05	-20,921
1549,1	-20,966
1549,15	-20,981
1549,2	-20,853
1549,25	-20,876
1549,3	-20,989
1549,35	-21,071
1549,4	-20,931
1549,45	-20,988
1549,5	-20,975
1549,55	-21,16
1549,6	-21,006
1549,65	-21,11
1549,7	-20,997
1549,75	-21,024
1549,8	-20,83
1549,85	-21,068
1549,9	-20,906
1549,95	-20,899
1550	-20,922
1550,05	-21,008
1550,1	-20,917
1550,15	-20,983
1550,2	-21,085
1550,25	-21,122
1550,3	-21,213
1550,35	-20,845
1550,4	-20,836
1550,45	-20,898
1550,5	-21,038
1550,55	-20,785
1550,6	-21,092
1550,65	-21,017
1550,7	-20,953
1550,75	-20,969
1550,8	-20,96
1550,85	-21,106
1550,9	-21,103
1550,95	-20,944
1551	-20,923
1551,05	-20,955
1551,1	-20,93
1551,15	-20,819
1551,2	-21
1551,25	-21,118
1551,3	-21,04
1551,35	-21,028
1551,4	-20,941
1551,45	-20,938
1551,5	-20,941
1551,55	-20,932
1551,6	-21,007
1551,65	-21,063
1551,7	-21,074
1551,75	-20,993
1551,8	-20,909
1551,85	-20,969
1551,9	-21,023
1551,95	-21,066
1552	-21,071
1552,05	-21,057
1552,1	-21,023
1552,15	-20,972
1552,2	-21,052
1552,25	-21,068
1552,3	-21,146
1552,35	-21,094
1552,4	-20,96
1552,45	-20,933
1552,5	-21,058
1552,55	-21,045
1552,6	-21,005
1552,65	-20,833
1552,7	-21,097
1552,75	-21,148
1552,8	-21,046
1552,85	-21,148
1552,9	-21,047
1552,95	-21,134
1553	-20,895
1553,05	-21,047
1553,1	-21,107
1553,15	-21,251
1553,2	-21,104
1553,25	-21,094
1553,3	-20,992
1553,35	-21,027
1553,4	-21,028
1553,45	-21,039
1553,5	-21,059
1553,55	-20,981
1553,6	-21,07
1553,65	-21,031
1553,7	-21,028
1553,75	-20,944
1553,8	-21,169
1553,85	-20,884
1553,9	-20,925
1553,95	-21,193
1554	-20,99
1554,05	-20,982
1554,1	-21,075
1554,15	-21,197
1554,2	-21,112
1554,25	-21,043
1554,3	-20,986
1554,35	-21,222
1554,4	-21,144
1554,45	-21,103
1554,5	-20,919
1554,55	-21,235
1554,6	-21,118
1554,65	-21,143
1554,7	-21,04
1554,75	-21,047
1554,8	-20,997
1554,85	-21,001
1554,9	-21,107
1554,95	-21,115
1555	-21,152
1555,05	-21,078
1555,1	-20,937
1555,15	-21,066
1555,2	-20,969
1555,25	-20,982
1555,3	-21,237
1555,35	-21,138
1555,4	-21
1555,45	-21,13
1555,5	-21,199
1555,55	-21,121
1555,6	-21,058
1555,65	-21,061
1555,7	-21,276
1555,75	-21,166
1555,8	-21,12
1555,85	-21,155
1555,9	-21,387
1555,95	-21,144
1556	-21,203
1556,05	-21,177
1556,1	-21,36
1556,15	-21,138
1556,2	-21,11
1556,25	-21,127
1556,3	-21,207
1556,35	-21,195
1556,4	-21,145
1556,45	-21,101
1556,5	-21,31
1556,55	-21,202
1556,6	-21,206
1556,65	-21,365
1556,7	-21,339
1556,75	-21,183
1556,8	-21,231
1556,85	-21,218
1556,9	-21,261
1556,95	-21,267
1557	-21,24
1557,05	-21,206
1557,1	-21,205
1557,15	-21,115
1557,2	-21,187
1557,25	-21,574
1557,3	-21,223
1557,35	-21,303
1557,4	-21,306
1557,45	-21,33
1557,5	-21,289
1557,55	-21,34
1557,6	-21,335
1557,65	-21,263
1557,7	-21,246
1557,75	-21,294
1557,8	-21,295
1557,85	-21,241
1557,9	-21,245
1557,95	-21,231
1558	-21,578
1558,05	-21,275
1558,1	-21,412
1558,15	-21,355
1558,2	-21,313
1558,25	-21,337
1558,3	-21,309
1558,35	-21,49
1558,4	-21,441
1558,45	-21,37
1558,5	-21,36
1558,55	-21,503
1558,6	-21,192
1558,65	-21,188
1558,7	-21,342
1558,75	-21,44
1558,8	-21,2
1558,85	-21,452
1558,9	-21,421
1558,95	-21,48
1559	-21,395
1559,05	-21,384
1559,1	-21,353
1559,15	-21,543
1559,2	-21,311
1559,25	-21,343
1559,3	-21,434
1559,35	-21,504
1559,4	-21,405
1559,45	-21,474
1559,5	-21,44
1559,55	-21,422
1559,6	-21,358
1559,65	-21,416
1559,7	-21,481
1559,75	-21,469
1559,8	-21,467
1559,85	-21,41
1559,9	-21,751
1559,95	-21,38
1560	-21,386
1560,05	-21,399
1560,1	-21,508
1560,15	-21,417
1560,2	-21,433
1560,25	-21,43
1560,3	-21,564
1560,35	-21,541
1560,4	-21,503
1560,45	-21,62
1560,5	-21,514
1560,55	-21,475
1560,6	-21,427
1560,65	-21,682
1560,7	-21,69
1560,75	-21,451
1560,8	-21,578
1560,85	-21,599
1560,9	-21,626
1560,95	-21,591
1561	-21,571
1561,05	-21,716
1561,1	-21,549
1561,15	-21,541
1561,2	-21,604
1561,25	-21,625
1561,3	-21,588
1561,35	-21,558
1561,4	-21,562
1561,45	-21,583
1561,5	-21,631
1561,55	-21,692
1561,6	-21,697
1561,65	-21,571
1561,7	-21,635
1561,75	-21,643
1561,8	-21,891
1561,85	-21,589
1561,9	-21,644
1561,95	-21,591
1562	-21,779
1562,05	-21,591
1562,1	-21,588
1562,15	-21,6
1562,2	-21,767
1562,25	-21,707
1562,3	-21,755
1562,35	-21,788
1562,4	-21,705
1562,45	-21,623
1562,5	-21,702
1562,55	-21,687
1562,6	-21,568
1562,65	-21,545
1562,7	-21,712
1562,75	-21,733
1562,8	-21,777
1562,85	-21,762
1562,9	-21,721
1562,95	-21,643
1563	-21,707
1563,05	-21,733
1563,1	-21,702
1563,15	-21,658
1563,2	-21,761
1563,25	-21,717
1563,3	-21,77
1563,35	-21,949
1563,4	-21,593
1563,45	-21,668
1563,5	-21,795
1563,55	-21,835
1563,6	-21,757
1563,65	-21,731
1563,7	-21,733
1563,75	-21,915
1563,8	-21,781
1563,85	-21,775
1563,9	-21,969
1563,95	-21,924
1564	-21,767
1564,05	-21,779
1564,1	-21,807
1564,15	-21,836
1564,2	-21,841
1564,25	-22,109
1564,3	-21,896
1564,35	-21,855
1564,4	-21,829
1564,45	-21,852
1564,5	-22,134
1564,55	-21,824
1564,6	-21,884
1564,65	-21,876
1564,7	-21,965
1564,75	-21,906
1564,8	-21,918
1564,85	-21,933
1564,9	-22,225
1564,95	-21,934
1565	-22,029
1565,05	-21,992
1565,1	-22,053
1565,15	-21,977
1565,2	-21,872
1565,25	-21,906
1565,3	-21,875
1565,35	-21,872
1565,4	-22,05
1565,45	-22,12
1565,5	-22,124
1565,55	-22,01
1565,6	-21,938
1565,65	-22,212
1565,7	-22,087
1565,75	-22,031
1565,8	-21,924
1565,85	-22,052
1565,9	-22,004
1565,95	-22,027
1566	-21,972
1566,05	-22,38
1566,1	-22,04
1566,15	-22,143
1566,2	-22,04
1566,25	-22,069
1566,3	-22,12
1566,35	-22,147
1566,4	-22,188
1566,45	-22,082
1566,5	-22,024
1566,55	-22,028
1566,6	-22,153
1566,65	-22,144
1566,7	-22,052
1566,75	-22,085
1566,8	-22,449
1566,85	-22,184
1566,9	-22,194
1566,95	-22,161
1567	-22,108
1567,05	-22,076
1567,1	-22,088
1567,15	-22,166
1567,2	-22,295
1567,25	-22,149
1567,3	-22,218
1567,35	-22,332
1567,4	-22,274
1567,45	-22,267
1567,5	-22,184
1567,55	-22,423
1567,6	-21,994
1567,65	-22,313
1567,7	-22,341
1567,75	-22,376
1567,8	-22,286
1567,85	-22,243
1567,9	-22,216
1567,95	-22,171
1568	-22,202
1568,05	-22,448
1568,1	-22,303
1568,15	-22,312
1568,2	-22,387
1568,25	-22,29
1568,3	-22,37
1568,35	-22,292
1568,4	-22,322
1568,45	-22,331
1568,5	-22,376
1568,55	-22,294
1568,6	-22,373
1568,65	-22,379
1568,7	-22,238
1568,75	-22,215
1568,8	-22,318
1568,85	-22,316
1568,9	-22,325
1568,95	-22,381
1569	-22,364
1569,05	-22,457
1569,1	-22,341
1569,15	-22,317
1569,2	-22,452
1569,25	-22,396
1569,3	-22,309
1569,35	-22,512
1569,4	-22,435
1569,45	-22,398
1569,5	-22,126
1569,55	-22,598
1569,6	-22,59
1569,65	-22,426
1569,7	-22,439
1569,75	-22,477
1569,8	-22,48
1569,85	-22,443
1569,9	-22,44
1569,95	-22,557
1570	-22,387
1570,05	-22,51
1570,1	-22,534
1570,15	-22,548
1570,2	-22,589
1570,25	-22,391
1570,3	-22,632
1570,35	-22,79
1570,4	-22,512
1570,45	-22,628
1570,5	-22,577
1570,55	-22,594
1570,6	-22,569
1570,65	-22,452
1570,7	-22,658
1570,75	-22,527
1570,8	-22,5
1570,85	-22,662
1570,9	-22,695
1570,95	-22,607
1571	-22,459
1571,05	-22,503
1571,1	-22,817
1571,15	-22,375
1571,2	-22,612
1571,25	-22,614
1571,3	-22,784
1571,35	-22,712
1571,4	-22,707
1571,45	-22,703
1571,5	-22,526
1571,55	-22,52
1571,6	-22,838
1571,65	-22,784
1571,7	-22,766
1571,75	-22,781
1571,8	-22,735
1571,85	-23,044
1571,9	-22,789
1571,95	-22,799
1572	-22,797
1572,05	-22,761
1572,1	-22,698
1572,15	-22,718
1572,2	-22,719
1572,25	-22,992
1572,3	-22,677
1572,35	-22,773
1572,4	-22,928
1572,45	-22,855
1572,5	-22,826
1572,55	-22,776
1572,6	-23,045
1572,65	-22,785
1572,7	-22,778
1572,75	-22,908
1572,8	-22,87
1572,85	-22,805
1572,9	-22,868
1572,95	-22,877
1573	-22,945
1573,05	-22,758
1573,1	-23,162
1573,15	-22,975
1573,2	-22,956
1573,25	-23,003
1573,3	-22,979
1573,35	-23,099
1573,4	-22,964
1573,45	-22,992
1573,5	-23,084
1573,55	-22,968
1573,6	-22,968
1573,65	-22,992
1573,7	-23,048
1573,75	-23,163
1573,8	-23
1573,85	-23,167
1573,9	-23,06
1573,95	-23,079
1574	-23,011
1574,05	-23,08
1574,1	-23,118
1574,15	-23,066
1574,2	-23,016
1574,25	-23,295
1574,3	-23,133
1574,35	-23,133
1574,4	-23,147
1574,45	-23,263
1574,5	-23,215
1574,55	-23,033
1574,6	-23,61
1574,65	-23,438
1574,7	-23,179
1574,75	-23,151
1574,8	-23,309
1574,85	-23,19
1574,9	-23,195
1574,95	-22,977